depth	min.95	max.95	median	mean
0	-72	-72	-72	-72
1	-69.8	-68.4	-69.2	-69.2
2	-67.6	-64.9	-66.4	-66.3
3	-65.4	-61.4	-63.6	-63.5
4	-63.2	-57.8	-60.8	-60.7
5	-61	-54.3	-58	-57.9
6	-58.8	-50.7	-55.2	-55.1
7	-56.6	-47.2	-52.4	-52.2
8	-54.4	-43.7	-49.6	-49.4
9	-52.2	-40.1	-46.8	-46.6
10	-50.1	-36.6	-44.1	-43.8
11	-48.4	-33.8	-41.9	-41.6
12	-46.8	-31	-39.8	-39.5
13	-45.2	-28	-37.6	-37.3
14	-43.7	-25	-35.5	-35.2
15	-42.2	-21.8	-33.4	-33
16	-40.8	-18.7	-31.3	-30.9
17	-39.4	-15.7	-29.3	-28.7
18	-37.9	-12.5	-27.1	-26.6
19	-36.5	-9.3	-25.1	-24.4
20	-35.1	-6.1	-23	-22.3
21	-33.9	-3.2	-21	-20.3
22	-32.7	-0.2	-19.2	-18.4
23	-31.4	3.2	-17.4	-16.5
24	-30.2	6.3	-15.5	-14.5
25	-28.9	9.3	-13.6	-12.6
26	-27.7	12.6	-11.8	-10.6
27	-26.5	16	-10	-8.7
28	-25.2	19.5	-8.1	-6.7
29	-24.1	22.7	-6.3	-4.8
30	-22.9	26.2	-4.5	-2.8
31	-21.9	27.7	-2.9	-1.3
32	-20.9	29.6	-1.4	0.2
33	-19.9	31.2	0.1	1.7
34	-18.9	33.1	1.7	3.2
35	-17.9	35.3	3.2	4.7
36	-16.9	37.9	4.7	6.2
37	-16.1	40.4	6.1	7.7
38	-15.2	43.2	7.5	9.2
39	-14.3	45.2	9	10.8
40	-13.6	48.2	10.5	12.3
41	-12.5	50.1	12	13.8
42	-11.8	52.1	13.6	15.3
43	-10.7	54	15	16.8
44	-9.7	55.7	16.6	18.3
45	-8.8	57.8	18.1	19.8
46	-7.9	60	19.6	21.4
46.00001	-7.9	60	19.6	21.4
47	-7.9	60	19.6	21.4
48	-7.9	60	19.6	21.4
49	-7.9	60	19.6	21.4
50	-7.9	60	19.6	21.4
51	-7.9	60	19.6	21.4
52	-7.9	60	19.6	21.4
53	-7.9	60	19.6	21.4
54	-7.9	60	19.6	21.4
55	-7.9	60	19.6	21.4
56	-7.9	60	19.6	21.4
57	-7.9	60	19.6	21.4
57.00001	-7.9	60	19.6	21.4
58	-7	62.2	21	22.9
59	-6	64.5	22.4	24.4
60	-5.2	67.4	23.8	25.9
61	-4.3	70.5	25.3	27.4
62	-2.1	71.9	26.9	29.2
63	0	73.6	28.7	30.9
64	1.9	75.4	30.5	32.7
65	3.7	77.3	32.2	34.5
66	5.1	79.5	33.9	36.2
67	6.5	81.8	35.8	38
68	7.7	84	37.6	39.7
69	8.8	86.7	39.2	41.5
70	9.9	89.1	40.8	43.2
71	10.5	91.7	42.7	45
72	12.1	93.6	44	46.3
73	13.4	95.5	45.5	47.7
74	14.8	97.4	46.9	49
75	15.8	98.6	48.2	50.3
76	16.4	99.4	49.6	51.7
77	17.1	101	50.9	53
78	17.8	102.9	52.1	54.3
79	18.6	105.6	53.5	55.7
80	19.1	108.1	54.8	57
81	20.1	110.2	56	58.3
82	21.5	111.3	57.7	59.7
83	22.9	112.3	59.2	61.1
84	24.2	113.1	60.7	62.5
85	25.3	114.3	62.2	63.8
86	26.3	116	63.9	65.2
87	27.4	117.4	65.3	66.6
88	28.7	118.4	66.7	68
89	29.8	119.8	68.1	69.4
90	30.7	122	69.6	70.8
91	31.7	123.6	70.9	72.1
92	33.1	124.6	72.1	73.3
93	34.5	125.7	73.2	74.5
94	35.7	126.9	74.3	75.7
95	36.9	127.9	75.5	76.9
96	38.1	129	76.5	78.1
97	39	130.2	77.6	79.3
98	40	131.3	78.7	80.4
99	41.2	132.5	80	81.6
100	41.8	134.3	81.2	82.8
101	42.4	136.8	82.3	84
102	43.6	137.5	83.7	85.2
103	45.1	138.6	84.8	86.4
104	46	139.9	86	87.6
105	47	140.9	87.2	88.9
106	48.1	141.8	88.5	90.1
107	48.7	142.7	89.7	91.3
108	49.3	143.9	91	92.5
109	50	145.5	92.1	93.7
110	50.7	147.1	93.4	94.9
111	51.4	148.9	94.5	96.1
112	53.2	150.2	95.9	97.4
113	54.8	151	97.3	98.8
114	56	152.1	98.6	100.1
115	57.2	153.4	100.2	101.4
116	58.5	154.7	101.5	102.8
117	59.5	156.6	102.7	104.1
118	60.3	157.5	104	105.4
119	61.2	159.1	105.2	106.7
120	62.2	161	106.5	108.1
121	63.1	162.7	107.9	109.4
122	65	164	109.2	110.8
123	66.5	165	110.5	112.1
124	67.8	165.9	112.2	113.5
125	69.1	166.5	113.7	114.9
126	69.8	167.7	115	116.2
127	70.8	168.5	116.6	117.6
128	72.1	170.1	117.9	119
129	73.2	171.4	119.1	120.3
130	74.1	173.4	120.5	121.7
131	75.1	174.9	121.9	123.1
132	76.1	175.7	123.1	124.4
133	78.1	176.8	124.5	125.7
134	79.7	178	125.7	127
135	80.9	179.6	127	128.3
136	81.7	180.9	128.6	129.6
137	82.9	182.2	130.1	130.9
138	84.3	183.7	131.5	132.3
139	85.1	185.3	132.8	133.6
140	86.4	187.1	134.1	134.9
141	87.4	189.1	135.3	136.2
142	88.7	190.1	136.6	137.5
143	90.1	190.7	137.8	138.8
144	91	192.1	139	140.1
145	92.1	193.1	140.5	141.4
146	93.2	194.3	141.7	142.7
147	94.2	195.4	143	144
148	95.1	196.6	144.4	145.2
149	95.8	197.9	145.7	146.5
150	96.7	199.3	146.8	147.8
151	97.4	200.5	148.2	149.1
152	99.8	201.6	149.5	150.5
153	101.8	202.8	150.9	151.8
154	103.2	204	152.2	153.1
155	104.5	205.2	153.6	154.4
156	106.1	206.4	155.1	155.7
157	107.4	207.8	156.5	157
158	108.7	209.1	157.9	158.4
159	109.6	210.1	159.2	159.7
160	110.6	212.1	160.5	161
161	111.6	213.5	161.9	162.3
162	113.1	214.1	163.1	163.7
163	115.1	214.8	164.6	165.2
164	117	216.1	166	166.6
165	118.3	217.1	167.4	168
166	119.9	218.7	168.8	169.4
167	121.7	220.2	170.1	170.8
168	123.1	221.6	171.8	172.2
169	124.4	222.9	173.2	173.7
170	125.7	224.3	174.6	175.1
171	127	225.9	176	176.5
172	128.8	226.7	177.1	177.7
173	129.9	227.8	178.1	178.9
174	131	228.7	179	180.1
175	132.4	229.5	180.2	181.2
176	133.5	230.6	181.3	182.4
177	134.5	232	182.6	183.6
178	135.6	233.2	183.7	184.8
179	136.4	234.5	185	186
180	137.6	236	186.3	187.2
181	138.2	237.7	187.4	188.4
182	140.4	238.5	188.7	189.8
183	142.8	239.4	190.1	191.2
184	144.4	240.4	191.4	192.6
185	146.1	241.2	192.6	194
186	147.7	242.5	194	195.4
187	149	243.5	195.2	196.8
188	150.6	244.6	196.4	198.2
189	151.9	246.2	197.7	199.6
190	153.6	247.7	199.1	201
191	155	249.2	200.4	202.4
192	156.4	249.6	201.7	203.7
193	157.7	250.2	202.8	205.1
194	159.3	250.9	204	206.4
195	161.1	251.7	205.3	207.7
196	162.6	252.5	206.4	209.1
197	164.4	253.2	207.7	210.4
198	165.6	254.6	209	211.7
199	166.4	255.6	210.2	213.1
200	167.7	257	211.4	214.4
201	168.6	258.4	212.9	215.7
202	170.8	258.7	214.1	217
203	173	259.1	215.1	218.3
204	174.9	259.6	216.2	219.5
205	176.7	260.1	217	220.8
206	178.2	260.7	218	222
207	180	261.4	218.9	223.3
208	181.5	262.1	219.7	224.5
209	183.4	263	220.7	225.8
210	184.1	264.1	221.6	227.1
211	185	265.4	222.9	228.3
212	187.2	266.1	223.8	229.6
213	188.9	266.7	224.7	231
214	190.4	267.4	225.5	232.3
215	192.3	268	226.7	233.6
216	193.7	268.7	228	234.9
217	195.2	269.8	229.6	236.2
218	196.6	270.9	231.1	237.5
219	197.9	272.2	233.5	238.9
220	199.2	273.6	235.8	240.2
221	200.6	275.3	238.4	241.5
222	202.8	275.6	239.9	242.9
223	204.7	276.1	241.3	244.2
224	206.8	276.9	242.9	245.6
225	208.6	277.6	244.8	247
226	210.4	278.3	246.7	248.3
227	212.1	279.2	248.9	249.7
228	213.7	280.2	251.2	251.1
229	214.8	281.1	253.2	252.4
230	216.2	282.1	255.5	253.8
231	217.4	283.1	257.4	255.2
232	220.9	283.6	258.7	256.6
233	223.5	284.2	260	258
234	226.1	284.7	261.5	259.4
235	228.4	285.1	263	260.9
236	230.3	285.8	264.4	262.3
237	232	286.5	265.9	263.7
238	233.8	287.2	267.5	265.1
239	235.1	288	269	266.6
240	236.2	289	270.7	268
241	237.5	290.1	272.1	269.4
242	241.5	290.4	273.3	270.8
243	244.9	290.8	274.6	272.2
244	248.7	291.5	275.8	273.7
245	252.1	292.1	277	275.1
246	255.2	292.9	278.1	276.5
247	258.3	293.4	279.3	277.9
248	261	294.2	280.5	279.3
249	263	295.1	281.8	280.7
250	264.8	295.8	283.1	282.1
251	266.4	297.2	284.6	283.5
252	267.3	298.6	285.5	284.5
252.00001	267.3	298.6	285.5	284.5
253	267.3	298.6	285.5	284.5
253.00001	267.3	298.6	285.5	284.5
254	267.9	300.9	286.4	285.5
255	268.5	303.8	287.2	286.5
256	269.1	306.6	287.9	287.5
257	269.7	309.7	288.6	288.4
258	270.3	313.7	289.4	289.4
259	270.5	317.7	290.1	290.4
260	271	321.9	290.7	291.4
261	271.3	325.7	291.4	292.4
262	271.7	329.5	292.1	293.4
263	272.4	334.8	292.8	294.3
264	273	338	293.6	295.3
265	273.6	341.7	294.4	296.3
266	274.1	345.6	295	297.3
267	274.7	350.1	295.7	298.3
268	275.2	355	296.4	299.3
269	275.7	358.9	297.1	300.3
270	276.2	362.7	297.8	301.3
271	276.6	367.3	298.5	302.3
272	277.2	372.1	299.2	303.3
273	279.1	373.8	301	305.1
274	280.7	376	302.8	307
275	282	377.7	304.5	308.8
276	283	380	306.1	310.7
277	283.8	382.1	307.7	312.5
278	284.8	384.5	309.3	314.3
279	285.6	388	310.9	316.2
280	286.6	391.4	312.6	318
281	287.5	393.8	314	319.9
282	288.2	397.1	315.6	321.7
283	290.3	399.3	318.3	324.1
284	291.6	401	320.8	326.5
285	293.3	403.1	323.4	328.9
286	294.4	405.1	325.9	331.2
287	295.6	407	328.4	333.6
288	296.6	409.4	330.9	336
289	297.5	412.8	333	338.4
290	298.3	415.2	335.3	340.8
291	299	418.6	337.4	343.1
292	299.8	423.3	339.6	345.5
293	302.3	425.3	342	348
294	304.3	427.9	344.5	350.5
295	306.2	430.4	347.1	353
296	307.9	433.3	349.7	355.5
297	309.4	436.2	352.1	358
298	310.6	440.5	354.7	360.4
299	311.9	444.2	357.2	362.9
300	313	448.4	359.7	365.4
301	313.9	451.9	362.3	367.9
302	315	456.9	364.5	370.4
303	317	458.4	367.4	372.9
304	319.3	460.5	369.9	375.3
305	321.3	462.8	372.3	377.8
306	322.9	465.7	374.9	380.2
307	324.9	468.1	377.3	382.7
308	326.4	471.1	380.1	385.2
309	327.2	474.1	382.7	387.6
310	328.4	476.6	385.3	390.1
311	329.2	479.1	388	392.5
312	330.6	482	390.6	395
313	333.7	484.2	393.1	397.5
314	336.2	486.3	396.3	400.1
315	337.5	488.4	399	402.6
316	338.7	490.2	401.9	405.1
317	340.2	492.4	404.7	407.6
318	341.5	495.8	407.5	410.2
319	342.8	499.4	410.3	412.7
320	344	501.8	413.2	415.2
321	345.2	505	416.2	417.8
322	346.4	507.4	419.2	420.3
323	349.2	510.1	421.6	422.6
324	351.2	512.2	424	425
325	354.1	513.8	426.3	427.3
326	356.3	516.7	428.6	429.6
327	358.3	518.9	431.2	432
328	360.3	521.2	433.6	434.3
329	362.2	523.3	435.9	436.6
330	363.8	525.7	438.3	439
331	364.8	528.8	440.6	441.3
332	366.2	532.4	442.8	443.6
333	368.4	534.4	445.3	446
334	371.1	536.4	447.9	448.4
335	373.3	538.1	450.7	450.8
336	374.7	540.2	453.3	453.2
337	376.5	542.7	455.7	455.6
338	378.7	545.5	458.1	458
339	380.3	547.9	460.6	460.4
340	382	550.6	462.9	462.8
341	383.3	554.6	464.9	465.2
342	384.8	558.6	467.1	467.5
343	386.9	559.7	469.5	469.8
344	389.5	561.5	471.8	472.1
345	392	563.1	474.1	474.3
346	394	564.6	476.1	476.6
347	395.6	566.3	478.5	478.8
348	396.9	568.8	480.5	481.1
349	398.5	571.9	482.7	483.4
350	399.6	574.2	485.1	485.6
351	400.5	576.9	487.4	487.9
352	401.7	579.7	489.9	490.1
353	404.6	581.7	492.6	492.7
354	407.5	583.2	495.2	495.3
355	409.2	584.9	498	497.8
356	410.9	586.7	500.8	500.4
357	412.8	589.1	503.6	502.9
358	415	591.7	506.2	505.5
359	416.5	594.6	508.9	508.1
360	418.6	597.7	511.6	510.6
361	420.4	601.1	514.2	513.2
362	422.1	605.1	516.9	515.7
363	424.5	606.7	519.6	518.1
364	426	608.3	521.9	520.5
365	427.3	609.6	524.5	522.9
366	429.4	612.5	527.2	525.2
367	431.1	615.1	529.6	527.6
368	432.9	617.5	532.1	530
369	434.2	619.4	534.7	532.4
370	435.8	621.6	537.1	534.7
371	437.1	624.3	539.4	537.1
372	438	627.6	541.9	539.5
373	440.9	629.5	544.3	541.7
374	443.5	631.6	547.1	544
375	445.2	633.5	549.4	546.3
376	447.4	635.7	551.7	548.6
377	450.1	637.4	554	550.8
378	452.3	639.4	556.7	553.1
379	453.4	641.8	559.2	555.4
380	455.2	643.7	561.4	557.6
381	456.6	646	563.9	559.9
381.00001	456.6	646	563.9	559.9
382	456.6	646	563.9	559.9
382.00001	456.6	646	563.9	559.9
383	458.3	648.4	566.1	562.2
384	460.8	649.9	568.7	564.6
385	463.1	652.1	571	567
386	465.9	654.1	573.8	569.4
387	468	655.9	576.1	571.7
388	470.9	657.6	578.4	574.1
389	473	660.5	580.7	576.5
390	475.2	662.4	583.1	578.9
391	477.7	664.5	585.7	581.3
392	479.9	666.5	588.3	583.7
393	481.3	668.7	590.5	586.1
394	484.1	670.3	593.1	588.4
395	487	671.7	595.8	590.7
396	488.8	673.5	598.2	592.9
397	490.9	674.9	600.5	595.2
398	493.1	676.8	602.9	597.5
399	495.1	678.8	605.4	599.7
399.00001	495.1	678.8	605.4	599.7
400	495.1	678.8	605.4	599.7
401	495.1	678.8	605.4	599.7
402	495.1	678.8	605.4	599.7
403	495.1	678.8	605.4	599.7
403.00001	495.1	678.8	605.4	599.7
404	496.3	681.3	608.1	602
405	498.3	683.6	610.5	604.3
406	500.1	685.9	613	606.6
407	502.1	688.9	615.5	608.8
408	505.8	690.2	617.9	611.3
409	509	691.4	620.5	613.8
410	511.5	692.8	623.2	616.3
411	513.2	694.7	625.9	618.8
412	515	696.2	628.2	621.4
413	516.1	698.2	630.7	623.9
414	518	700.2	633.4	626.4
415	519.9	703	635.9	628.9
416	521.7	705.7	639	631.4
417	523.4	708	641.4	633.9
418	525.7	710	643.9	636.3
419	528.4	711.6	646	638.8
419.00001	528.4	711.6	646	638.8
420	528.4	711.6	646	638.8
421	528.4	711.6	646	638.8
422	528.4	711.6	646	638.8
423	528.4	711.6	646	638.8
423.00001	528.4	711.6	646	638.8
424	530.7	713.7	648.4	641.3
425	532.6	715.6	651.1	643.8
425.00001	532.6	715.6	651.1	643.8
426	532.6	715.6	651.1	643.8
427	532.6	715.6	651.1	643.8
427.00001	532.6	715.6	651.1	643.8
428	534.9	717.2	653.5	646.2
429	537.1	719	656.5	648.7
430	539	720.9	658.9	651.2
431	540.7	723.4	661.3	653.7
432	542.2	725.8	664.1	656.1
433	544.5	728.6	666.9	658.6
434	546.3	730	669	661
435	548.2	731.5	671.2	663.4
436	550.2	733.1	673.3	665.8
437	552	734.8	675.7	668.2
438	554	736.8	678	670.6
439	556.6	738.3	680.2	673.1
440	558.6	739.8	682.4	675.5
441	560.6	741.9	684.8	677.9
442	562.4	744.3	687.3	680.3
443	564.7	747.2	689.8	682.7
444	566.8	747.8	691.4	684.4
444.00001	566.8	747.8	691.4	684.4
445	566.8	747.8	691.4	684.4
445.00001	566.8	747.8	691.4	684.4
446	568.7	749.1	693	686
447	570.8	750.1	694.6	687.7
447.00001	570.8	750.1	694.6	687.7
448	570.8	750.1	694.6	687.7
449	570.8	750.1	694.6	687.7
450	570.8	750.1	694.6	687.7
451	570.8	750.1	694.6	687.7
451.00001	570.8	750.1	694.6	687.7
452	572.6	751.2	696.3	689.4
453	574	753.1	698.1	691
454	575.4	754.7	699.6	692.7
455	576.6	756.9	701.1	694.4
456	577.8	759.2	702.8	696
457	579.1	761.5	704.2	697.7
458	580.6	763.7	705.8	699.4
459	582.7	764.6	707.2	700.8
460	584.4	765.9	708.7	702.3
461	586	767.5	710	703.8
462	587.4	769	711.4	705.2
463	589.5	770.6	713.1	706.7
464	591	772.1	714.5	708.2
465	592.5	773.2	716.1	709.6
466	593.8	775.3	717.6	711.1
467	595.1	776.4	719	712.6
468	596.7	777.9	720.7	714
469	598	779.1	722.2	715.6
470	600.2	780.4	723.8	717.1
471	602.3	781.9	725.3	718.6
472	604.2	782.7	726.9	720.2
473	606.5	784	728.6	721.7
474	608.5	786.2	730.1	723.2
475	609.7	787.8	731.6	724.8
476	611.5	790.4	733.2	726.3
477	613.5	792.9	734.5	727.8
478	614.8	794.9	736	729.4
479	617	795.8	737.7	731
480	618.5	796.7	739.5	732.6
481	620.1	798.2	741.2	734.2
482	621.1	799.7	742.8	735.8
483	622.4	801	744.6	737.4
484	624.1	802.1	746.1	739
485	625	804.2	747.8	740.6
486	626	806.1	749.6	742.2
487	627.6	807.9	751.2	743.8
488	629.3	809.8	752.7	745.5
489	631.4	811.2	754.5	747.1
490	632.9	812.4	756.1	748.7
491	634.3	813.2	757.7	750.3
492	635.9	814.7	759.6	751.9
493	637.5	817.1	761	753.6
494	638.8	817.9	762.6	755.2
494.00001	638.8	817.9	762.6	755.2
495	640.3	819.9	764.2	756.8
496	642.3	822	766	758.4
497	644.3	824	767.8	760.1
498	645.9	826.2	769.3	761.7
499	647.9	827.3	770.9	763.4
500	649.9	828.5	772.5	765.1
501	652.2	829.8	774.4	766.8
502	653.9	830.9	776.1	768.4
503	655.3	832.3	777.9	770.1
504	657.5	833.6	779.6	771.8
505	660	834.8	781.4	773.5
506	661.4	836.6	783.2	775.2
507	662.3	837.9	784.9	776.9
508	664.6	839.7	786.5	778.6
509	667.9	840.8	788.4	780.5
510	671.3	842.1	789.9	782.4
511	674.5	842.9	791.5	784.3
512	677.2	844.2	793.1	786.2
513	680.1	845.5	794.7	788.1
514	682.9	847.1	796.4	790
515	684.9	848.6	798	792
516	687.9	851	799.5	793.9
517	690	853.1	801.3	795.8
518	692.2	855.4	803	797.7
518.00001	692.2	855.4	803	797.7
519	692.2	855.4	803	797.7
520	692.2	855.4	803	797.7
521	692.2	855.4	803	797.7
522	692.2	855.4	803	797.7
523	692.2	855.4	803	797.7
524	692.2	855.4	803	797.7
525	692.2	855.4	803	797.7
526	692.2	855.4	803	797.7
527	692.2	855.4	803	797.7
528	692.2	855.4	803	797.7
529	692.2	855.4	803	797.7
530	692.2	855.4	803	797.7
531	692.2	855.4	803	797.7
532	692.2	855.4	803	797.7
533	692.2	855.4	803	797.7
534	692.2	855.4	803	797.7
535	692.2	855.4	803	797.7
536	692.2	855.4	803	797.7
537	692.2	855.4	803	797.7
538	692.2	855.4	803	797.7
539	692.2	855.4	803	797.7
540	692.2	855.4	803	797.7
541	692.2	855.4	803	797.7
542	692.2	855.4	803	797.7
543	692.2	855.4	803	797.7
544	692.2	855.4	803	797.7
545	692.2	855.4	803	797.7
546	692.2	855.4	803	797.7
547	692.2	855.4	803	797.7
548	692.2	855.4	803	797.7
549	692.2	855.4	803	797.7
550	692.2	855.4	803	797.7
551	692.2	855.4	803	797.7
552	692.2	855.4	803	797.7
553	692.2	855.4	803	797.7
554	692.2	855.4	803	797.7
555	692.2	855.4	803	797.7
556	692.2	855.4	803	797.7
557	692.2	855.4	803	797.7
558	692.2	855.4	803	797.7
559	692.2	855.4	803	797.7
560	692.2	855.4	803	797.7
561	692.2	855.4	803	797.7
561.00001	692.2	855.4	803	797.7
562	693	856.3	803.8	798.5
563	693.8	856.9	804.6	799.3
564	694.9	857.5	805.4	800.1
565	695.7	858.5	806.2	800.9
565.00001	695.7	858.5	806.2	800.9
566	695.7	858.5	806.2	800.9
567	695.7	858.5	806.2	800.9
568	695.7	858.5	806.2	800.9
569	695.7	858.5	806.2	800.9
570	695.7	858.5	806.2	800.9
571	695.7	858.5	806.2	800.9
572	695.7	858.5	806.2	800.9
573	695.7	858.5	806.2	800.9
574	695.7	858.5	806.2	800.9
575	695.7	858.5	806.2	800.9
576	695.7	858.5	806.2	800.9
577	695.7	858.5	806.2	800.9
578	695.7	858.5	806.2	800.9
579	695.7	858.5	806.2	800.9
580	695.7	858.5	806.2	800.9
580.00001	696.6	859.7	807.4	801.9
581	697.8	860.4	808.3	802.7
582	698.7	861.2	809.3	803.5
583	699.7	862.2	810.2	804.3
584	700.3	863.1	811	805.1
585	700.9	864.1	811.9	805.9
585.00001	700.9	864.1	811.9	805.9
586	700.9	864.1	811.9	805.9
587	700.9	864.1	811.9	805.9
588	700.9	864.1	811.9	805.9
588.00001	700.9	864.1	811.9	805.9
589	701.8	864.6	812.7	806.7
590	703.5	867.2	814.7	808.7
591	705.9	868.9	816.7	810.7
592	708.1	870.8	818.5	812.7
593	710	873.3	820.2	814.7
594	711.4	875.3	822	816.7
595	713.3	878.1	823.9	818.7
596	714.9	882.9	825.4	820.7
597	716.8	886.7	827.1	822.7
598	719	891	828.8	824.7
599	721.1	895.3	830.5	826.7
600	723	896.3	832.3	828.7
601	725.1	898.3	834.1	830.6
602	727	900.2	836.3	832.6
603	728.8	901.8	838.2	834.5
604	731.6	904.3	840.2	836.5
605	733.7	906.6	842	838.4
606	736.4	909.9	843.8	840.3
607	738.9	913.2	845.6	842.3
608	741.5	917	847.1	844.2
609	743.4	920.6	848.8	846.2
610	745.6	922.5	851.4	848.3
611	748	924.1	853.6	850.5
612	750.5	926.4	856	852.6
613	752.4	929.3	858.1	854.8
614	754.5	931.5	860.4	856.9
615	756.6	933.1	862.5	859.1
616	758.4	935.4	864.4	861.2
616.00001	758.4	935.4	864.4	861.2
617	758.4	935.4	864.4	861.2
618	758.4	935.4	864.4	861.2
618.00001	758.4	935.4	864.4	861.2
619	759.8	939.1	866.3	863.4
620	761.5	943.7	868.2	865.5
621	763.2	947.4	870	867.7
622	766.5	950	871.7	869.7
623	769.3	952.4	873.6	871.7
624	771.9	954.7	875.6	873.7
625	774.2	957.5	877.6	875.7
626	775.4	960.4	879.5	877.7
626.00001	775.4	960.4	879.5	877.7
627	775.4	960.4	879.5	877.7
628	775.4	960.4	879.5	877.7
629	775.4	960.4	879.5	877.7
630	775.4	960.4	879.5	877.7
631	775.4	960.4	879.5	877.7
632	775.4	960.4	879.5	877.7
632.00001	775.4	960.4	879.5	877.7
633	778.8	962.2	881.5	879.7
634	780.6	963.9	883.5	881.7
635	782.3	967	885.8	883.7
636	784.8	970.2	887.8	885.8
637	787.1	973.1	889.7	887.8
637.00001	787.1	973.1	889.7	887.8
638	787.1	973.1	889.7	887.8
638.00001	787.1	973.1	889.7	887.8
639	788.7	975	891.7	889.9
640	791.2	976.7	893.8	892.1
641	792.9	978.5	895.7	894.2
642	794.5	980.7	897.9	896.3
643	796.5	982	900.2	898.5
644	798.7	983.7	902.4	900.6
645	801	985.9	904.3	902.8
646	803.2	987.6	906.2	904.9
647	805.3	990.3	908.3	907.1
648	806.4	993	910.2	909.2
649	809.5	994.6	912.5	911.4
650	811.4	997	914.8	913.6
651	813.1	998.5	917.2	915.8
652	815	1001.3	919.4	918
653	817.1	1003.7	921.6	920.2
654	819.4	1006.6	923.9	922.4
655	821.2	1009.3	925.9	924.6
656	823	1012	927.8	926.8
657	825.5	1013.8	929.8	929
658	827.1	1016.6	932	931.2
659	829.8	1019.1	933.9	933.2
660	831.2	1021.4	935.9	935.2
661	833.6	1023.1	937.8	937.2
662	835.6	1025.8	940.1	939.2
663	837.8	1028.3	942.4	941.2
664	839.3	1031	944.4	943.2
665	840.3	1033.1	946.2	945.2
666	841.6	1035.6	948.3	947.2
667	843.6	1038.6	950.5	949.1
668	845	1041.5	952.4	951.1
669	847.3	1043.4	954.4	953
670	849.5	1045	956.2	954.8
671	851.8	1046.1	957.9	956.6
672	853.7	1048.1	959.5	958.4
673	856.3	1050.1	961.2	960.2
674	857.9	1052.3	962.8	962
675	859.7	1055	964.6	963.8
676	862.7	1057.1	966	965.6
677	864.5	1059.4	967.4	967.4
678	867.4	1062.1	969.3	969.3
679	869.3	1063.6	971.1	971.2
680	871.9	1064.8	973	973.1
681	874	1067.3	974.7	975
682	875.6	1070.1	976.5	976.9
683	877.1	1072.7	978.3	978.7
684	878.8	1074.6	980	980.6
685	880.7	1076.8	981.5	982.5
686	881.7	1080.2	983.4	984.4
687	883.4	1083.6	984.9	986.3
688	885.6	1086.9	986.7	988.2
689	887.7	1088.1	988.2	989.8
690	889.6	1088.9	989.6	991.5
691	892.4	1090.4	991.3	993.1
692	894.3	1091.8	992.5	994.7
693	896.7	1093.5	993.7	996.3
694	898.8	1094.6	995.2	997.9
695	900.8	1096.2	996.5	999.5
696	903.2	1097.9	998.3	1001.1
697	905	1099.5	999.7	1002.7
698	906.4	1101.4	1001.6	1004.3
699	908.6	1102.8	1003.1	1006
700	910.9	1104.4	1004.9	1007.7
701	913.3	1106.3	1006.5	1009.4
702	914.6	1108.6	1008.1	1011.1
703	915.9	1109.7	1009.5	1012.8
704	917.6	1112	1011.2	1014.4
705	919.1	1113.9	1012.7	1016.1
706	920.7	1115.8	1014.3	1017.8
707	922.7	1118.1	1015.9	1019.5
708	924.1	1120.2	1017.3	1021.2
709	926.5	1121.7	1019.1	1023
710	928	1123.1	1020.8	1024.8
711	930.7	1124.5	1022.3	1026.5
712	933.2	1126.2	1023.8	1028.3
713	935.7	1127.9	1025.2	1030.1
714	938	1129.5	1026.7	1031.9
715	940.3	1131.2	1028.3	1033.7
716	942.1	1133.6	1030	1035.4
717	944	1136.2	1031.5	1037.2
718	945	1139.3	1033.6	1039
719	947.3	1140.6	1034.7	1040.8
720	950	1141.9	1036.1	1042.6
721	952.2	1143.1	1037.5	1044.3
722	954.5	1143.9	1038.8	1046.1
723	956.8	1145.3	1040.3	1047.9
724	960	1146.9	1041.7	1049.7
725	962.2	1148.1	1042.8	1051.5
726	964.2	1149.7	1044.1	1053.2
727	966.1	1151.6	1045.5	1055
728	968.4	1153.4	1047.2	1056.8
729	970.8	1154.2	1048.6	1058.4
730	972.7	1155.3	1050	1060
731	974.9	1156.2	1051.3	1061.7
732	977.5	1157.2	1052.7	1063.3
733	979.5	1158.4	1053.9	1064.9
734	981.2	1159.4	1055.3	1066.5
735	983.8	1160.6	1056.6	1068.1
736	985	1161.8	1057.8	1069.7
737	986.9	1163.2	1059	1071.4
738	988.6	1165	1060.6	1073
739	991.5	1165.6	1062	1074.8
739.00001	991.5	1165.6	1062	1074.8
740	991.5	1165.6	1062	1074.8
741	991.5	1165.6	1062	1074.8
742	991.5	1165.6	1062	1074.8
742.00001	991.5	1165.6	1062	1074.8
743	994.5	1166.3	1063.5	1076.7
744	996.8	1166.8	1064.9	1078.5
744.00001	996.8	1166.8	1064.9	1078.5
745	996.8	1166.8	1064.9	1078.5
745.00001	996.8	1166.8	1064.9	1078.5
746	998.8	1167.5	1066.2	1080.3
747	1000.9	1168.3	1067.6	1082.2
748	1002.3	1169.3	1069.1	1084
749	1003.4	1170.4	1070.8	1085.8
750	1004.9	1171.6	1072.7	1087.7
751	1006.9	1173.3	1073.8	1089.5
752	1008.4	1176.5	1075.8	1091.3
753	1011.8	1178.5	1078.9	1093.8
754	1015	1180.8	1082.3	1096.3
755	1017.9	1183.1	1085.5	1098.8
756	1020	1185.9	1089.3	1101.3
757	1023	1188.9	1093.4	1103.7
758	1026	1191.7	1097.3	1106.2
759	1028	1195.1	1101	1108.7
760	1030.2	1198.5	1105.1	1111.2
761	1032.2	1201.4	1108.6	1113.7
762	1033.5	1205.5	1111.8	1116.2
763	1038.4	1206.6	1113.6	1118.6
764	1040.6	1208.2	1115.8	1121
765	1043.8	1209.3	1118.1	1123.4
766	1046.6	1211	1120.4	1125.9
767	1049.8	1213.3	1122.8	1128.3
768	1052.2	1215	1125.2	1130.7
769	1054.1	1217.4	1127.9	1133.1
770	1056.2	1219.7	1130.5	1135.6
771	1058.2	1222.4	1133.4	1138
772	1060	1225.5	1135.7	1140.4
773	1062.6	1226.7	1137.8	1142.7
774	1064.9	1228	1140.5	1145.1
775	1067.6	1229.5	1142.7	1147.4
776	1070.5	1231.2	1145.3	1149.7
777	1073.1	1233	1147.2	1152.1
778	1074.7	1234.4	1149.5	1154.4
779	1076.5	1236.4	1152.2	1156.8
780	1077.8	1239.2	1154.5	1159.1
781	1079.1	1241.5	1157	1161.4
782	1080.2	1244.1	1159.5	1163.8
783	1084.6	1245.1	1161.6	1166
784	1088.3	1246.4	1163.6	1168.3
785	1090.9	1247.9	1165.3	1170.5
786	1093.4	1249.6	1167.6	1172.8
787	1095.7	1251.6	1169.8	1175.1
788	1097.8	1252.9	1172.4	1177.3
789	1100	1255	1174.5	1179.6
790	1101.5	1257	1176.7	1181.8
791	1102.9	1259.3	1178.7	1184.1
792	1104.2	1262.6	1181.2	1186.4
793	1108.8	1263.4	1183.1	1188.5
794	1112.3	1264.2	1185.3	1190.7
795	1115.7	1265.1	1187.1	1192.9
796	1119	1266.2	1189.6	1195
797	1121.5	1267.3	1191.6	1197.2
798	1124.3	1268.8	1194.2	1199.3
799	1127	1270.6	1195.8	1201.5
800	1129.1	1272.2	1197.3	1203.7
801	1131.2	1274.1	1199.3	1205.8
802	1133.4	1276.1	1201.3	1208
803	1138.7	1277	1204.7	1210.3
804	1143.5	1277.8	1208.3	1212.5
805	1148	1278.3	1212.5	1214.7
806	1152.5	1279.2	1217.3	1217
807	1156.8	1280.1	1221.4	1219.2
808	1160.4	1281	1225.4	1221.5
809	1164.5	1281.8	1229.1	1223.7
810	1167.8	1283.1	1232.9	1226
811	1170.7	1284.8	1236.3	1228.2
812	1173.1	1286.8	1238.6	1230.4
813	1176.4	1287.9	1242.3	1232.6
814	1179.1	1290	1244.3	1234.7
814.00001	1179.1	1290	1244.3	1234.7
815	1179.1	1290	1244.3	1234.7
815.00001	1179.1	1290	1244.3	1234.7
816	1181	1292.7	1245.9	1236.8
817	1182.2	1295.4	1247.4	1238.9
818	1183.2	1298.6	1248.5	1241
819	1184.1	1302.3	1249.8	1243.1
820	1184.9	1306.4	1251.6	1245.2
821	1185.7	1311	1253.7	1247.3
822	1186.4	1315.7	1255.4	1249.4
823	1187.1	1320.6	1257.4	1251.6
824	1189.5	1321.9	1259.1	1253.6
825	1190.9	1324.2	1260.8	1255.6
826	1192.6	1326	1262.3	1257.6
827	1194	1328.4	1263.7	1259.6
828	1195.4	1331.4	1265.3	1261.6
829	1196.5	1334.5	1267.4	1263.6
830	1197.8	1338.6	1268.9	1265.6
831	1198.7	1341.8	1270.9	1267.6
832	1199.3	1346	1272.7	1269.6
833	1200.3	1349.8	1275	1271.6
834	1202.6	1353	1276.9	1273.6
835	1204.7	1354.7	1279	1275.6
836	1206.4	1357.2	1280.7	1277.6
837	1207.7	1359.9	1282.4	1279.7
838	1209.1	1362.1	1283.9	1281.7
839	1210.6	1364.9	1285.5	1283.7
840	1211.9	1367.5	1287.3	1285.7
841	1213	1370.8	1289.1	1287.7
842	1214	1374.7	1290.9	1289.8
843	1215	1378	1293	1291.8
844	1216.9	1379.5	1294.8	1293.8
845	1219.1	1382.2	1297	1295.9
846	1220.4	1384.8	1298.7	1297.9
847	1221.9	1387.2	1300.7	1300
848	1223	1390.2	1302.7	1302
849	1224.2	1393.5	1304.4	1304
850	1225.2	1396.9	1306.3	1306.1
851	1226.2	1399.4	1308.2	1308.1
851.00001	1226.2	1399.4	1308.2	1308.1
852	1226.2	1399.4	1308.2	1308.1
853	1226.2	1399.4	1308.2	1308.1
853.00001	1226.2	1399.4	1308.2	1308.1
854	1227.3	1402.6	1310.2	1310.2
855	1228.5	1405.6	1312.1	1312.2
856	1231.1	1407.2	1314.1	1314.3
857	1232.7	1408.7	1316.2	1316.5
858	1235.4	1410.2	1318.5	1318.6
859	1237.2	1412.9	1321	1320.7
860	1238.5	1415.2	1322.8	1322.9
861	1240.3	1418.3	1325.1	1325
862	1241.8	1420.7	1327.2	1327.1
863	1243	1423.1	1329.4	1329.2
864	1244.2	1426.1	1331.2	1331.4
865	1245.7	1430	1333.4	1333.5
866	1248.4	1432.1	1335.4	1335.6
867	1250.5	1434.3	1337.3	1337.8
868	1252.8	1436	1339	1339.9
869	1255	1438.1	1340.9	1342
870	1256.8	1441.3	1343	1344.1
871	1258	1444.2	1345.2	1346.3
872	1259.6	1447.4	1347	1348.4
873	1261.4	1451	1348.9	1350.5
874	1262.8	1454.7	1350.7	1352.6
875	1263.9	1458.2	1352.4	1354.8
876	1266.4	1460	1354.6	1357
877	1269.4	1462.3	1357.1	1359.2
878	1270.9	1463.4	1359.1	1361.4
879	1273.2	1465.9	1361.3	1363.6
880	1275.2	1468.7	1363.4	1365.9
881	1276.4	1471	1365.5	1368.1
882	1278.1	1473.5	1367.4	1370.3
883	1280.1	1475.4	1369.4	1372.5
884	1282.1	1477.5	1371.4	1374.8
885	1283.5	1481.3	1373.5	1377
886	1286.7	1482.8	1375.4	1379.2
887	1290	1484.3	1377.2	1381.5
888	1292.5	1485	1379.4	1383.7
889	1295.4	1487.2	1381.2	1386
890	1298.1	1489	1383.3	1388.2
891	1300	1491	1385.4	1390.5
892	1302.3	1493.4	1387.5	1392.7
893	1303.8	1495.7	1389.6	1394.9
894	1305.7	1498	1391.4	1397.2
895	1307.4	1500.6	1393.9	1399.4
896	1310	1502.3	1395.9	1401.6
897	1313.6	1503.6	1398	1403.8
898	1315.8	1505.1	1400.1	1406
899	1318.3	1506.7	1402	1408.2
900	1320.9	1508.6	1404	1410.4
901	1322.9	1510.8	1406.2	1412.6
902	1324.7	1512.9	1408.3	1414.7
903	1326.1	1515	1410.2	1416.9
904	1328.1	1517.6	1412.2	1419.1
905	1330.4	1520.2	1414.2	1421.3
905.00001	1330.4	1520.2	1414.2	1421.3
906	1330.4	1520.2	1414.2	1421.3
907	1330.4	1520.2	1414.2	1421.3
908	1330.4	1520.2	1414.2	1421.3
908.00001	1330.4	1520.2	1414.2	1421.3
909	1333.3	1521.5	1416.2	1423.4
910	1335.7	1523.3	1418	1425.6
911	1338.4	1525	1419.7	1427.7
912	1340.7	1526.6	1421.5	1429.8
913	1342.9	1528.2	1423.7	1432
914	1344.9	1530.2	1425.6	1434.1
915	1346.8	1532.6	1427.2	1436.2
916	1348.3	1535.4	1429	1438.4
917	1350.2	1537.9	1430.8	1440.5
918	1351.4	1540.5	1432.3	1442.6
919	1355.7	1541.8	1434.1	1444.7
920	1358.9	1542.9	1435.9	1446.9
921	1361.9	1544.2	1437.6	1449
922	1364.5	1545.4	1439.7	1451.1
923	1367.5	1547.1	1441.8	1453.2
924	1370.1	1549.4	1443.6	1455.3
925	1371.9	1551.1	1445.8	1457.5
926	1374	1553	1447.6	1459.6
927	1375.8	1554.8	1449.9	1461.7
928	1377.5	1557.1	1451.7	1463.8
929	1381.7	1558.3	1453.9	1466
930	1385.6	1559.8	1456	1468.1
931	1389.5	1562.1	1458.5	1470.3
932	1393.2	1563.6	1461	1472.4
933	1396.5	1564.9	1463.5	1474.6
934	1400.4	1566.9	1466	1476.7
935	1403.3	1569.6	1468.4	1478.9
936	1406	1572.6	1470.8	1481
936.00001	1406	1572.6	1470.8	1481
937	1406	1572.6	1470.8	1481
938	1406	1572.6	1470.8	1481
938.00001	1406	1572.6	1470.8	1481
939	1408.6	1575	1473.4	1483.2
940	1410.8	1577.2	1475.8	1485.3
941	1412.5	1579.7	1477.1	1486.9
942	1414	1580.9	1478.3	1488.5
943	1415.1	1582.6	1479.5	1490.1
944	1416.4	1584	1480.5	1491.7
945	1417.7	1585.8	1481.7	1493.3
946	1418.8	1588.2	1482.9	1494.9
947	1419.9	1590.2	1484.5	1496.5
948	1420.8	1592.4	1485.9	1498.1
949	1421.7	1595.2	1487.6	1499.7
950	1422.3	1597.5	1489.4	1501.3
951	1423.6	1598.8	1491.3	1502.9
952	1425.4	1600.2	1493	1504.5
953	1426.7	1601.7	1494.4	1506.1
954	1428.2	1603.1	1495.8	1507.8
955	1429.4	1604.7	1497.5	1509.4
956	1430.4	1606.8	1499.4	1511
957	1431.3	1608.8	1501.3	1512.6
958	1432	1610.9	1503.1	1514.2
959	1433	1613.1	1504.8	1515.8
960	1433.7	1615	1506.9	1517.5
961	1435	1616.4	1508.7	1519
962	1436.7	1618.5	1509.9	1520.6
963	1438.4	1619.8	1511.6	1522.1
964	1440	1621.4	1513.4	1523.7
965	1441.1	1623.8	1515.5	1525.3
966	1442.5	1626	1517.3	1526.8
967	1443.4	1627.6	1519.5	1528.4
968	1444.4	1629.3	1521.3	1529.9
969	1445.3	1631.6	1523.2	1531.5
970	1446	1634.4	1524.8	1533.1
971	1447.6	1635.4	1526.6	1534.7
972	1449.5	1636.6	1528.2	1536.3
973	1451.1	1638	1530.1	1537.9
974	1452.3	1638.8	1531.4	1539.5
975	1453.3	1640	1533.5	1541.1
976	1454.3	1642	1535.3	1542.7
977	1455.4	1644.4	1537.2	1544.3
978	1456.5	1645.8	1539.2	1545.9
979	1457.8	1648.1	1541.2	1547.5
980	1458.7	1651	1543.1	1549.1
981	1460.5	1652.5	1544.6	1550.8
982	1462	1653.9	1546.5	1552.4
983	1463.7	1655.8	1548.1	1554
984	1464.9	1657.3	1549.7	1555.6
985	1466.5	1659.4	1551.2	1557.2
986	1467.3	1661.6	1553	1558.9
986.00001	1467.3	1661.6	1553	1558.9
987	1467.3	1661.6	1553	1558.9
988	1467.3	1661.6	1553	1558.9
989	1467.3	1661.6	1553	1558.9
990	1467.3	1661.6	1553	1558.9
991	1467.3	1661.6	1553	1558.9
992	1467.3	1661.6	1553	1558.9
992.00001	1467.3	1661.6	1553	1558.9
993	1468.6	1664.1	1554.9	1560.5
994	1469.8	1666.1	1557	1562.1
995	1470.8	1668.7	1558.8	1563.7
996	1472	1670.8	1560.8	1565.3
997	1474.1	1672.3	1562.3	1567
998	1475.5	1673.7	1563.6	1568.6
999	1477.2	1675.4	1565.1	1570.3
1000	1478.6	1676.9	1566.9	1572
1001	1480.1	1678.4	1569	1573.6
1002	1481.3	1679.7	1570.8	1575.3
1003	1482.8	1681.2	1572.7	1576.9
1004	1484	1683.2	1574.3	1578.6
1005	1485.5	1685.1	1575.8	1580.3
1006	1486.4	1686.5	1577.7	1581.9
1007	1488.3	1688.4	1579.2	1583.5
1008	1490.2	1689.7	1580.7	1585.1
1009	1492.2	1691	1582.6	1586.6
1010	1493.5	1692.2	1584.5	1588.2
1011	1494.9	1694.3	1586.2	1589.8
1012	1496.2	1697.2	1587.6	1591.3
1013	1497.4	1698.8	1589.1	1592.9
1014	1498.7	1700.7	1590.5	1594.5
1015	1500.1	1702.9	1592.1	1596.1
1016	1501.2	1705.4	1593.8	1597.6
1017	1503.2	1706.3	1595.3	1599.3
1018	1505.1	1707.2	1597	1600.9
1019	1506.3	1708.4	1598.5	1602.5
1020	1507.9	1709.8	1600.1	1604.2
1021	1509.3	1711.8	1601.5	1605.8
1022	1511.4	1713.4	1603.3	1607.4
1023	1512.8	1715	1604.8	1609
1024	1513.8	1717	1606.6	1610.7
1025	1515.1	1719	1608.5	1612.3
1026	1515.7	1721.2	1609.9	1613.9
1027	1517.9	1722.2	1611.6	1615.5
1028	1519.4	1723.9	1613.3	1617.1
1029	1522.2	1724.8	1615.1	1618.7
1030	1523.4	1726.7	1616.7	1620.3
1031	1524.6	1728.4	1618.3	1621.9
1032	1525.7	1730.9	1620	1623.4
1033	1527	1732.8	1621.6	1625
1034	1528.6	1734.1	1623.2	1626.6
1035	1529.6	1735.8	1624.6	1628.2
1036	1530.6	1737.9	1626.4	1629.8
1037	1532.3	1739	1627.8	1631.3
1038	1533.9	1740.6	1629.3	1632.8
1039	1535	1741.8	1630.7	1634.3
1040	1536.6	1743.5	1632.1	1635.8
1041	1537.5	1745.3	1633.3	1637.3
1042	1539.1	1746.6	1634.7	1638.8
1043	1540.5	1748.4	1636.1	1640.3
1044	1541.7	1750.4	1637.8	1641.8
1045	1542.9	1752.4	1638.9	1643.3
1046	1544.1	1754.2	1640.3	1644.8
1047	1545.8	1756.2	1642	1646.4
1048	1547.7	1757.2	1643.5	1648.1
1049	1549.8	1759.3	1644.9	1649.7
1050	1551.9	1760.7	1646.5	1651.4
1051	1553.2	1762.3	1648	1653
1052	1554.3	1764.2	1649.8	1654.6
1053	1555.4	1765.8	1651.6	1656.3
1054	1556.9	1767.7	1653.2	1657.9
1055	1558	1769.6	1654.9	1659.5
1056	1559.7	1772.4	1656.4	1661.2
1057	1562	1773	1657.9	1662.8
1058	1564.3	1775.1	1659.4	1664.3
1059	1566	1776	1660.7	1665.9
1060	1567.6	1777.6	1662.1	1667.5
1061	1569.2	1778.8	1663.5	1669.1
1062	1571	1779.9	1664.9	1670.7
1063	1572.6	1781	1666.4	1672.2
1064	1574.4	1782.6	1667.9	1673.8
1065	1575.8	1784.9	1669.4	1675.4
1066	1576.9	1786.4	1671	1677
1067	1579	1788	1672.3	1678.5
1068	1581.1	1789.5	1673.9	1680.1
1069	1582.7	1790.8	1675.5	1681.7
1070	1584.3	1792.1	1676.9	1683.2
1071	1586.3	1794.4	1678.5	1684.8
1072	1587.9	1796.1	1679.9	1686.3
1073	1589.5	1798.1	1681.1	1687.9
1074	1591.2	1799.1	1682.6	1689.4
1075	1592.5	1799.9	1684	1691
1076	1593.6	1800.9	1685.3	1692.5
1077	1596	1802.7	1686.8	1694.1
1078	1597.7	1803.7	1688	1695.6
1079	1599.5	1805.4	1689	1697.2
1080	1601.1	1807.4	1690.3	1698.8
1081	1603	1809.1	1691.8	1700.3
1082	1604.4	1810.3	1693.2	1701.9
1083	1606	1811.8	1694.6	1703.4
1084	1607.8	1814.5	1696.1	1705
1085	1609	1815.8	1697.8	1706.5
1086	1610.1	1817.4	1699.4	1708.1
1087	1612	1819.5	1700.8	1709.7
1088	1613.6	1821.1	1701.9	1711.3
1089	1615	1822.1	1703.2	1712.9
1090	1616.6	1824.2	1704.4	1714.6
1091	1618.4	1825.9	1705.7	1716.2
1092	1619.5	1828.2	1707.1	1717.8
1093	1620.9	1828.7	1708.6	1719.4
1094	1622.2	1831.6	1710.1	1721.1
1095	1623.5	1832.8	1711.9	1722.7
1096	1624.7	1835.2	1713.8	1724.3
1097	1626.1	1836.8	1714.8	1725.9
1098	1627.7	1838.9	1716.1	1727.4
1099	1629.7	1840.6	1717.5	1729
1100	1631.7	1842.2	1719	1730.5
1101	1633	1844.7	1720.4	1732.1
1102	1634.9	1846.7	1721.9	1733.6
1103	1636.8	1848.7	1723.2	1735.2
1104	1638.1	1851.6	1724.8	1736.7
1105	1639.2	1854.2	1726.4	1738.3
1106	1640.7	1855.5	1727.7	1739.8
1107	1643.4	1857.2	1729.8	1741.8
1108	1645.4	1859.4	1731.7	1743.7
1109	1647	1860.7	1733.4	1745.7
1110	1649	1862.6	1735.4	1747.7
1111	1651	1864.1	1736.9	1749.6
1112	1652.7	1865.3	1738.9	1751.6
1113	1654.1	1866.5	1741	1753.5
1114	1655.4	1869.4	1743	1755.5
1115	1656.8	1871.3	1745.4	1757.5
1116	1657.9	1873.8	1747.6	1759.4
1117	1659.6	1875.4	1749.8	1761.4
1118	1660.8	1877.6	1752.2	1763.5
1119	1663.1	1879	1754.2	1765.5
1120	1665	1881.4	1756.4	1767.5
1121	1666.2	1883.5	1758.8	1769.6
1122	1667.6	1886.8	1761.4	1771.6
1123	1669	1890.4	1763.9	1773.6
1124	1670.6	1894.6	1766.1	1775.6
1125	1672.3	1897.7	1768.4	1777.7
1126	1673.3	1901.8	1770.8	1779.7
1127	1675.8	1903.2	1772.9	1781.7
1128	1677.8	1905.2	1775.1	1783.8
1129	1679.6	1906.5	1777.7	1785.8
1130	1681.7	1908.6	1780	1787.9
1131	1683.3	1912.3	1782.3	1790
1132	1685.4	1915	1784.7	1792
1133	1687.6	1916.7	1787	1794.1
1134	1689.4	1919.2	1789.5	1796.1
1135	1690.8	1921.9	1791.8	1798.2
1136	1692.7	1924.9	1794.2	1800.2
1136.00001	1692.7	1924.9	1794.2	1800.2
1137	1692.7	1924.9	1794.2	1800.2
1137.00001	1692.7	1924.9	1794.2	1800.2
1138	1693.6	1927.4	1796.3	1802.2
1139	1695.4	1929.2	1798	1804.1
1140	1697.1	1931.5	1800.1	1806.1
1141	1698.9	1934.4	1801.7	1808.1
1142	1699.7	1936.1	1803.9	1810
1142.00001	1699.7	1936.1	1803.9	1810
1143	1699.7	1936.1	1803.9	1810
1144	1699.7	1936.1	1803.9	1810
1145	1699.7	1936.1	1803.9	1810
1145.00001	1699.7	1936.1	1803.9	1810
1146	1701.5	1938.9	1805.7	1812
1147	1702.9	1940.8	1808	1813.9
1148	1703.8	1943.5	1809.8	1815.9
1149	1705.6	1946.3	1812.2	1817.9
1150	1706.7	1948	1814	1819.8
1151	1708.6	1949.9	1816	1821.8
1152	1711	1953.3	1817.9	1823.7
1153	1712.8	1954.5	1820	1825.7
1154	1714.5	1956.9	1822	1827.6
1155	1716.4	1959.4	1824	1829.5
1156	1718.2	1960.9	1825.7	1831.5
1157	1720.9	1963.2	1827.9	1833.4
1158	1722.5	1966.2	1829.9	1835.4
1159	1724.5	1968.9	1831.7	1837.3
1160	1725.7	1972.2	1833.5	1839.3
1161	1727.9	1973.2	1835.6	1841.3
1162	1729.6	1975.5	1837.6	1843.4
1163	1731.2	1978	1839.7	1845.4
1164	1732.5	1979.6	1841.7	1847.4
1165	1734.5	1981.9	1844.1	1849.5
1166	1736.2	1984.3	1846	1851.5
1167	1737.9	1986.8	1848.3	1853.6
1168	1739.7	1989.3	1850.3	1855.6
1169	1741.6	1991.9	1852.8	1857.7
1170	1743.2	1994.4	1854.7	1859.7
1171	1745.7	1996	1857	1861.8
1172	1747.9	1997.8	1858.9	1863.9
1173	1749.7	2000	1861.1	1866
1174	1751.4	2002.7	1863.2	1868.1
1175	1754	2004.4	1865.6	1870.2
1176	1755.6	2007.7	1868.2	1872.3
1177	1757.4	2009.8	1870.3	1874.4
1178	1759	2012	1872.4	1876.5
1179	1761.1	2014.5	1874.6	1878.6
1180	1762.8	2017	1876.4	1880.7
1181	1765.5	2018.8	1878.6	1882.7
1182	1767.5	2020.4	1880.5	1884.7
1183	1769.1	2022.3	1882.3	1886.7
1184	1770.6	2023.9	1884.6	1888.7
1185	1772.7	2026	1886.6	1890.7
1186	1774.3	2028	1888.8	1892.7
1187	1775.8	2030.3	1890.8	1894.7
1188	1777.3	2032.6	1893.2	1896.7
1189	1779.4	2034.8	1895	1898.7
1190	1780.6	2037.1	1897.1	1900.7
1191	1782.7	2039	1899.2	1902.8
1192	1784.6	2040.6	1901.1	1904.9
1193	1786.4	2042.9	1903.4	1906.9
1194	1789.1	2045	1905.1	1909
1195	1791.4	2047.5	1907.5	1911.1
1196	1793.5	2049.7	1909.9	1913.1
1197	1795	2052.2	1912.2	1915.2
1198	1796.7	2054.1	1914.1	1917.3
1199	1798.5	2055.8	1916.3	1919.3
1200	1800.1	2058.7	1918.5	1921.4
1201	1801.9	2060.2	1920.2	1923.4
1202	1804.1	2061.9	1922.5	1925.4
1203	1806.2	2063.8	1924.5	1927.4
1204	1808	2066	1926.4	1929.5
1205	1809.3	2067.8	1928.6	1931.5
1206	1810.9	2070	1930.8	1933.5
1207	1812.3	2071.7	1933.1	1935.5
1208	1814.1	2074.7	1935	1937.5
1209	1815.5	2077.5	1937.2	1939.5
1210	1816.7	2079.9	1939.3	1941.5
1211	1819.3	2081.7	1941.2	1943.6
1212	1821.5	2083.2	1942.9	1945.7
1213	1823.3	2084.5	1944.9	1947.7
1214	1825.1	2086.4	1946.8	1949.8
1215	1826.8	2089.5	1948.8	1951.9
1216	1828.9	2092.1	1950.7	1953.9
1217	1831.1	2094.2	1952.9	1956
1218	1832.2	2096.7	1955	1958.1
1219	1833.4	2099.9	1957.4	1960.1
1220	1834.7	2102.8	1959.1	1962.2
1221	1838	2104.7	1961	1964.3
1222	1841.4	2106.5	1962.7	1966.5
1223	1844.5	2108.1	1964.6	1968.7
1224	1846.5	2109.8	1966.5	1970.8
1225	1849	2111.7	1968.7	1973
1226	1851.7	2114.2	1970.9	1975.1
1227	1854.5	2116.2	1973.1	1977.3
1228	1856.9	2119.3	1975.2	1979.5
1229	1858.8	2122	1977.4	1981.6
1230	1860.4	2124.4	1979.6	1983.8
1231	1863	2126.2	1983	1987.4
1232	1865.7	2129.6	1986.5	1991
1233	1868.2	2132.3	1990.2	1994.6
1234	1870.4	2137	1993.4	1998.2
1235	1872.7	2140.2	1996.6	2001.8
1236	1874.7	2143.5	2000	2005.4
1237	1877.3	2146.1	2003.3	2009
1238	1879.4	2149.8	2006.9	2012.7
1239	1880.3	2154	2010.4	2016.3
1240	1882.7	2157.8	2014.5	2019.9
1241	1886.4	2160.6	2018.5	2023.4
1242	1890.6	2162.8	2022.7	2027
1243	1894.3	2164.8	2026.8	2030.6
1244	1898.1	2166.7	2031.2	2034.2
1245	1901.3	2169.7	2035.2	2037.7
1246	1903.6	2172.2	2039.2	2041.3
1247	1906.7	2175.2	2043.3	2044.9
1248	1909.1	2178.9	2047.3	2048.4
1249	1911.7	2182.8	2051.4	2052
1250	1914.2	2186.6	2055.4	2055.6
1251	1917.2	2188.5	2059.3	2059.2
1252	1921.5	2190.1	2062.9	2062.7
1253	1924.6	2192.4	2066.9	2066.3
1254	1927	2195.8	2071.1	2069.9
1255	1929.8	2198.9	2074.6	2073.5
1256	1932.4	2201.6	2078.2	2077
1257	1935.8	2204.6	2082.9	2080.6
1258	1939	2207.8	2087.6	2084.2
1259	1940.5	2211.3	2091.2	2087.7
1260	1942.9	2215.4	2095.4	2091.3
1261	1945.6	2217.4	2099.3	2094.7
1262	1949.8	2219.4	2102.6	2098
1263	1953.7	2221.8	2106	2101.3
1264	1957.1	2223.7	2109.4	2104.7
1265	1960.8	2225.5	2112.8	2108
1266	1962.7	2228	2116.5	2111.4
1267	1965	2230.5	2120.1	2114.7
1267.00001	1965	2230.5	2120.1	2114.7
1268	1965	2230.5	2120.1	2114.7
1269	1965	2230.5	2120.1	2114.7
1270	1965	2230.5	2120.1	2114.7
1271	1965	2230.5	2120.1	2114.7
1272	1965	2230.5	2120.1	2114.7
1273	1965	2230.5	2120.1	2114.7
1274	1965	2230.5	2120.1	2114.7
1275	1965	2230.5	2120.1	2114.7
1276	1965	2230.5	2120.1	2114.7
1277	1965	2230.5	2120.1	2114.7
1278	1965	2230.5	2120.1	2114.7
1279	1965	2230.5	2120.1	2114.7
1279.00001	1965	2230.5	2120.1	2114.7
1280	1967.8	2233.1	2123.7	2118
1281	1969.5	2236	2127.8	2121.4
1282	1972.3	2240	2131.2	2124.7
1283	1976.2	2241.5	2134.5	2128
1284	1980.2	2243.2	2137.9	2131.2
1285	1983.2	2245.6	2141.7	2134.5
1286	1986.1	2247.8	2145.2	2137.7
1287	1988.8	2249.1	2149.1	2141
1288	1992.3	2251.8	2153.2	2144.2
1289	1995.8	2254	2156.9	2147.5
1290	1999	2256.4	2160.2	2150.7
1291	2001	2258.3	2163.8	2154
1292	2003.6	2262.1	2167.9	2157.2
1293	2006.7	2263.9	2171.5	2160.7
1294	2010.7	2266.5	2175.5	2164.1
1295	2014	2267.6	2179.6	2167.6
1296	2017.3	2270.3	2182.9	2171
1297	2019.2	2273.6	2186.6	2174.4
1298	2022.5	2276.7	2190.4	2177.9
1299	2026.2	2278.9	2194.4	2181.3
1300	2029.2	2281.5	2198.4	2184.8
1301	2032.4	2284.4	2201.9	2188.2
1302	2034.1	2287.6	2205.6	2191.7
1303	2037.8	2289.7	2209	2195
1304	2043.2	2291.8	2212.5	2198.3
1305	2047.1	2292.8	2216.2	2201.7
1306	2051.1	2295	2219.7	2205
1307	2053.8	2296.9	2223.3	2208.4
1308	2056.9	2300	2227.2	2211.7
1309	2060.1	2303	2230.8	2215.1
1310	2063.2	2304.6	2234.3	2218.4
1311	2067.3	2308	2237.9	2221.8
1312	2070.3	2312	2241	2225.1
1313	2074.4	2313.7	2244.6	2228.7
1314	2076.7	2315.6	2248.3	2232.2
1315	2079.5	2317.5	2251.8	2235.7
1316	2083	2319.6	2255.8	2239.3
1317	2086.8	2321.7	2259.5	2242.8
1318	2091	2323.8	2263.8	2246.4
1319	2093.8	2326.4	2267.7	2249.9
1320	2097.4	2329.1	2272.1	2253.4
1321	2101.3	2332.6	2275.8	2257
1322	2104.1	2336.6	2279.3	2260.5
1323	2109.5	2340.4	2283.1	2264.9
1324	2113.9	2345.7	2286.7	2269.3
1325	2118.8	2350.3	2290	2273.7
1326	2123.7	2358.1	2293.1	2278.1
1327	2127	2366.3	2296.2	2282.5
1328	2129.8	2376.7	2299.1	2286.9
1329	2133.6	2386.1	2302.4	2291.3
1330	2137	2397.1	2305.7	2295.7
1331	2140.2	2407.2	2308.7	2300.1
1332	2142.1	2417.9	2311.8	2304.5
1333	2148.4	2421.2	2316.1	2308.9
1334	2155.8	2424.8	2320.1	2313.3
1335	2160.2	2427.5	2324.4	2317.7
1336	2165.5	2431.8	2328.6	2322.2
1337	2169.3	2436.8	2332.8	2326.6
1338	2173.2	2441.8	2336.8	2331
1338.00001	2173.2	2441.8	2336.8	2331
1339	2173.2	2441.8	2336.8	2331
1339.00001	2173.2	2441.8	2336.8	2331
1340	2177.4	2447.1	2340.9	2335.4
1341	2180.5	2453.7	2344.8	2339.8
1342	2184	2459.9	2348.7	2344.2
1343	2187.9	2468.2	2352.5	2348.6
1344	2194.9	2471.3	2356.7	2353
1345	2203.2	2473.9	2360.8	2357.3
1346	2207.4	2479	2364.8	2361.7
1347	2212.7	2482.9	2369.4	2366
1348	2218	2487.3	2373.8	2370.4
1349	2222.1	2492.8	2377.9	2374.8
1350	2228.6	2498.4	2382.3	2379.1
1351	2232.1	2505.6	2386.2	2383.5
1352	2237.1	2511.8	2390.4	2387.9
1353	2239.7	2519.8	2394.5	2392.2
1354	2245.6	2524.4	2398.3	2396.6
1355	2252.3	2528.7	2402.7	2400.9
1356	2258.3	2532.9	2407.1	2405.3
1357	2264	2537.3	2411	2409.7
1358	2269.3	2542	2415.1	2414
1359	2273.7	2548.7	2419.6	2418.4
1360	2277.9	2553.2	2423.9	2422.8
1361	2282.4	2559	2428.1	2427.1
1362	2286.2	2563.4	2432.6	2431.5
1363	2290.2	2568.6	2436.4	2435.9
1364	2294.4	2572.8	2440.1	2440
1365	2301.5	2575.7	2444.6	2444.2
1366	2307.2	2579.9	2448.6	2448.4
1367	2311.9	2584.1	2452.7	2452.6
1368	2317.7	2589	2456.7	2456.7
1369	2322.5	2593.7	2460.5	2460.9
1370	2326.4	2597.9	2464	2465.1
1371	2331.4	2604.3	2467.7	2469.2
1372	2335.3	2610	2471.7	2473.4
1373	2338.1	2617.7	2475.5	2477.6
1374	2346.3	2620.1	2479.3	2481.9
1375	2353.7	2622.4	2483.3	2486.2
1376	2361.3	2626.9	2487.1	2490.5
1377	2368.5	2631.6	2491.4	2494.8
1378	2374.3	2636.3	2495.4	2499.1
1379	2379.3	2641.9	2499.5	2503.4
1380	2384.6	2646.2	2503.6	2507.7
1381	2388.5	2651.1	2507.5	2512
1382	2392.2	2657.1	2511.7	2516.3
1383	2396.5	2663	2515.7	2520.6
1384	2404.2	2665.9	2519.7	2525
1385	2413.3	2668.6	2523.4	2529.5
1386	2422.6	2671.9	2527.3	2533.9
1387	2429.6	2675.3	2530.8	2538.3
1388	2438.7	2678.5	2534.3	2542.8
1389	2445.5	2682.9	2538.1	2547.2
1390	2450.5	2687.7	2541.8	2551.7
1391	2455.1	2692.5	2545.8	2556.1
1391.00001	2455.1	2692.5	2545.8	2556.1
1392	2455.1	2692.5	2545.8	2556.1
1392.00001	2455.1	2692.5	2545.8	2556.1
1393	2459.6	2697.7	2549.8	2560.5
1394	2463.9	2704.2	2553.9	2565
1395	2473.4	2706.4	2557.8	2569.7
1396	2481.8	2709	2562.3	2574.4
1397	2490.2	2712.3	2567.1	2579.2
1398	2496.6	2716.4	2572.1	2583.9
1399	2500.7	2720.6	2576.9	2588.6
1400	2503.2	2725.7	2581.3	2593.4
1401	2505.9	2731.8	2586.1	2598.1
1402	2508.5	2737.1	2591	2602.8
1402.00001	2508.5	2737.1	2591	2602.8
1403	2510.5	2744.4	2595.7	2607.5
1404	2512.5	2751.3	2600.8	2612.3
1405	2517.8	2755	2605.2	2616.7
1406	2521.3	2758.8	2610	2621.1
1407	2525.4	2765.4	2615.2	2625.4
1408	2528.5	2770.9	2619.6	2629.8
1409	2531.5	2777.5	2624.8	2634.2
1410	2533.3	2783.1	2629.4	2638.6
1411	2535.1	2788.6	2633.7	2643
1412	2537.2	2794.9	2638.1	2647.4
1413	2538.6	2803.5	2643.2	2651.8
1414	2541.2	2812.2	2648	2656.1
1415	2545.5	2815.3	2652	2660.6
1415.00001	2545.5	2815.3	2652	2660.6
1416	2545.5	2815.3	2652	2660.6
1417	2545.5	2815.3	2652	2660.6
1418	2545.5	2815.3	2652	2660.6
1419	2545.5	2815.3	2652	2660.6
1420	2545.5	2815.3	2652	2660.6
1421	2545.5	2815.3	2652	2660.6
1422	2545.5	2815.3	2652	2660.6
1423	2545.5	2815.3	2652	2660.6
1424	2545.5	2815.3	2652	2660.6
1425	2545.5	2815.3	2652	2660.6
1426	2545.5	2815.3	2652	2660.6
1427	2545.5	2815.3	2652	2660.6
1428	2545.5	2815.3	2652	2660.6
1429	2545.5	2815.3	2652	2660.6
1430	2545.5	2815.3	2652	2660.6
1431	2545.5	2815.3	2652	2660.6
1432	2545.5	2815.3	2652	2660.6
1433	2545.5	2815.3	2652	2660.6
1434	2545.5	2815.3	2652	2660.6
1435	2545.5	2815.3	2652	2660.6
1436	2545.5	2815.3	2652	2660.6
1437	2545.5	2815.3	2652	2660.6
1438	2545.5	2815.3	2652	2660.6
1439	2545.5	2815.3	2652	2660.6
1440	2545.5	2815.3	2652	2660.6
1441	2545.5	2815.3	2652	2660.6
1442	2545.5	2815.3	2652	2660.6
1443	2545.5	2815.3	2652	2660.6
1444	2545.5	2815.3	2652	2660.6
1445	2545.5	2815.3	2652	2660.6
1446	2545.5	2815.3	2652	2660.6
1447	2545.5	2815.3	2652	2660.6
1448	2545.5	2815.3	2652	2660.6
1449	2545.5	2815.3	2652	2660.6
1450	2545.5	2815.3	2652	2660.6
1451	2545.5	2815.3	2652	2660.6
1452	2545.5	2815.3	2652	2660.6
1453	2545.5	2815.3	2652	2660.6
1454	2545.5	2815.3	2652	2660.6
1455	2545.5	2815.3	2652	2660.6
1456	2545.5	2815.3	2652	2660.6
1457	2545.5	2815.3	2652	2660.6
1458	2545.5	2815.3	2652	2660.6
1459	2545.5	2815.3	2652	2660.6
1460	2545.5	2815.3	2652	2660.6
1461	2545.5	2815.3	2652	2660.6
1462	2545.5	2815.3	2652	2660.6
1463	2545.5	2815.3	2652	2660.6
1464	2545.5	2815.3	2652	2660.6
1465	2545.5	2815.3	2652	2660.6
1466	2545.5	2815.3	2652	2660.6
1467	2545.5	2815.3	2652	2660.6
1468	2545.5	2815.3	2652	2660.6
1469	2545.5	2815.3	2652	2660.6
1470	2545.5	2815.3	2652	2660.6
1471	2545.5	2815.3	2652	2660.6
1472	2545.5	2815.3	2652	2660.6
1473	2545.5	2815.3	2652	2660.6
1474	2545.5	2815.3	2652	2660.6
1475	2545.5	2815.3	2652	2660.6
1476	2545.5	2815.3	2652	2660.6
1477	2545.5	2815.3	2652	2660.6
1478	2545.5	2815.3	2652	2660.6
1479	2545.5	2815.3	2652	2660.6
1479.00001	2545.5	2815.3	2652	2660.6
1480	2548.8	2819	2656.3	2665
1481	2552.5	2823.1	2660.2	2669.4
1482	2556.2	2827.8	2664.8	2673.8
1483	2559	2835.2	2669.6	2678.3
1484	2561.3	2841.6	2674.2	2682.7
1485	2563.4	2849.2	2678.7	2687.1
1486	2565.5	2856.9	2683	2691.5
1487	2566.9	2865.3	2687.2	2695.9
1488	2568.9	2871.6	2691.6	2700.4
1489	2573.3	2874.6	2696.1	2704.6
1490	2576.8	2878.1	2700.5	2708.9
1491	2580.1	2884	2705.5	2713.1
1492	2583.5	2886.8	2709.8	2717.4
1493	2586.9	2890.3	2714.1	2721.6
1494	2589.8	2895.9	2718.3	2725.8
1495	2592.4	2901.9	2722.9	2730.1
1496	2594.7	2908	2726.9	2734.3
1497	2597.3	2913.8	2731.3	2738.6
1498	2599.6	2919	2735.7	2742.8
1499	2603.4	2923.1	2739.8	2747
1500	2609.3	2927.6	2744.1	2751.2
1501	2614.3	2931.1	2748.6	2755.4
1502	2617.5	2934.8	2752.7	2759.5
1503	2620.3	2938.7	2756.3	2763.7
1504	2622.8	2942	2761	2767.9
1505	2626.8	2948.9	2765.1	2772.1
1506	2630.2	2953.5	2769.1	2776.2
1507	2633.6	2958.7	2773.8	2780.4
1508	2636.6	2965.2	2778	2784.6
1509	2641.5	2969.8	2782.3	2788.9
1510	2645.1	2974.6	2787.2	2793.2
1511	2648.9	2977.9	2791.7	2797.5
1512	2652.4	2982.9	2796	2801.8
1513	2656.1	2988.5	2800.7	2806.2
1514	2659.2	2993.4	2805	2810.5
1515	2661.5	2999.1	2809.6	2814.8
1516	2664.4	3005.6	2813.8	2819.1
1517	2666.9	3010	2817.7	2823.4
1518	2670.2	3015.8	2821.9	2827.7
1519	2675.1	3019.9	2826.3	2832
1520	2681.5	3024.3	2830.7	2836.4
1521	2685.4	3028.7	2834.9	2840.7
1522	2688.2	3034.2	2839.7	2845.1
1523	2691	3039.1	2844.8	2849.4
1524	2694.1	3043.8	2849.3	2853.7
1525	2696	3049.3	2854	2858.1
1526	2699.2	3056.5	2858	2862.4
1527	2701.8	3060.2	2862.1	2866.8
1528	2703.9	3065.7	2866.6	2871.1
1529	2708.3	3069	2871.8	2875.6
1530	2712.2	3074.4	2876.6	2880.1
1531	2715.9	3078.4	2881.8	2884.6
1532	2718.8	3084.6	2886.2	2889.2
1533	2722.3	3089.8	2890.4	2893.7
1534	2725.6	3095.9	2895.1	2898.2
1535	2727.1	3100.2	2899.9	2902.7
1536	2729.6	3107.4	2904.3	2907.2
1537	2732.8	3116.1	2908.8	2911.7
1538	2735.6	3123.2	2913.3	2916.2
1539	2741	3127.7	2917.6	2920.8
1540	2747.1	3131	2922.3	2925.4
1541	2753.6	3135.5	2927.3	2930
1542	2758.1	3139.8	2931.6	2934.6
1543	2761	3144.9	2935.8	2939.1
1544	2764.6	3149.8	2940	2943.7
1545	2767.9	3154	2943.7	2948.3
1546	2770.8	3159.6	2948.3	2952.9
1547	2773.6	3168.7	2952.8	2957.5
1548	2776	3176.7	2956.6	2962
1549	2781.5	3178.5	2961.2	2966.1
1550	2785.2	3181	2965.5	2970.2
1551	2789.1	3183.8	2969.6	2974.3
1552	2794.2	3188.1	2973.9	2978.4
1553	2798.2	3192.5	2977.8	2982.5
1554	2801.4	3197.1	2981.8	2986.6
1555	2804.7	3201.2	2986.6	2990.7
1556	2806.8	3205.4	2991	2994.8
1557	2810.7	3209.9	2995.2	2998.9
1558	2812.6	3215.7	2999.3	3003
1559	2817.5	3217.9	3003.6	3007.1
1560	2822.5	3220.2	3007.7	3011.2
1561	2826.4	3222.5	3012	3015.3
1562	2829.6	3226.8	3016.1	3019.4
1563	2833	3229	3020.4	3023.5
1564	2837.1	3232.7	3024.8	3027.5
1565	2839.8	3239.4	3028.8	3031.6
1566	2842.9	3244.7	3033.2	3035.7
1567	2845.4	3249	3037.2	3039.8
1568	2847.8	3254.5	3041.4	3043.9
1569	2855.6	3258.2	3045.9	3048.4
1570	2862.9	3262	3049.8	3052.9
1571	2866.7	3264.9	3054.2	3057.4
1572	2870.7	3269.4	3058.5	3061.8
1573	2875.1	3273.1	3063.1	3066.3
1574	2880.8	3276.4	3067.3	3070.8
1575	2884.9	3280.5	3072.1	3075.3
1576	2889.2	3285.9	3076	3079.8
1577	2893.1	3291.4	3080.8	3084.3
1578	2896.6	3296.8	3085	3088.8
1579	2901.7	3299.7	3089.1	3093.1
1580	2907.8	3302.1	3093	3097.4
1581	2911.2	3306.1	3098.2	3101.8
1582	2914.2	3310.1	3103.1	3106.1
1583	2918.6	3314.8	3107.6	3110.4
1584	2921.7	3319.2	3112	3114.8
1585	2925.4	3323.2	3116.6	3119.1
1586	2928.7	3325.8	3121.2	3123.4
1587	2930.9	3332	3125.7	3127.8
1588	2934	3336.4	3129.7	3132.1
1589	2939.9	3339.1	3134	3136.4
1590	2944.6	3342.9	3138.6	3140.7
1591	2948.9	3346.9	3143.3	3145
1592	2953.5	3349.2	3148.2	3149.3
1593	2957.5	3352.6	3152.4	3153.6
1594	2961.6	3357.1	3157.5	3157.9
1595	2964.8	3361.5	3162	3162.1
1596	2968.3	3365.8	3166.7	3166.4
1597	2971.1	3370.9	3170.6	3170.7
1598	2974.8	3375.6	3174.8	3175
1599	2977.9	3378.6	3176.9	3177.2
1600	2980.3	3380.4	3179.2	3179.4
1601	2985.8	3384.9	3183.4	3184
1602	2988.5	3386	3185.6	3186.2
1603	2991.3	3387.6	3187.6	3188.4
1604	2993.2	3388.3	3189.7	3190.6
1605	2995	3390.1	3192.1	3192.8
1606	2997	3391.7	3194.3	3195
1607	2999.2	3394.5	3196.9	3197.2
1608	3001.4	3396.2	3199.4	3199.4
1609	3016.2	3403.6	3206.8	3207
1610	3029.6	3409.3	3214.5	3214.6
1611	3039.6	3414.6	3221.3	3222.2
1612	3049.8	3420.6	3228.3	3229.7
1613	3056.6	3426.6	3235.7	3237.3
1614	3062.7	3431.8	3243.4	3244.9
1615	3069.3	3438.9	3251.7	3252.5
1616	3074.8	3447.7	3259.4	3260
1617	3080.1	3456.9	3267.3	3267.6
1618	3085.5	3465.8	3275.3	3275.2
1619	3096.3	3470.1	3281.9	3282.2
1620	3103.5	3476.4	3288.8	3289.3
1621	3113	3485.2	3296	3296.3
1622	3120.2	3492.8	3302.9	3303.4
1623	3127	3499.6	3310	3310.4
1624	3132.6	3505.7	3316.7	3317.5
1625	3138.2	3513.5	3325.1	3324.5
1626	3142.3	3523.5	3332.4	3331.6
1627	3147.9	3530.7	3339.8	3338.6
1628	3154.1	3541	3346.9	3345.7
1629	3163.8	3547.1	3353.9	3353.2
1630	3172.3	3553.9	3361.4	3360.7
1631	3182.1	3560.7	3368.4	3368.2
1632	3190.1	3567.5	3376.2	3375.7
1633	3199	3576.1	3384.3	3383.2
1634	3207.5	3581.6	3391.6	3390.8
1635	3213.5	3588.3	3399.5	3398.3
1636	3221.6	3596.9	3407.2	3405.8
1637	3226.2	3607.6	3415.5	3413.3
1638	3231.4	3614.5	3422.4	3420.8
1639	3248.3	3619.4	3429	3428.3
1640	3263.1	3624.3	3436.3	3435.8
1641	3277.2	3630.2	3442.8	3443.3
1642	3290.5	3634.1	3449.5	3450.8
1643	3304.9	3638.5	3455.8	3458.3
1644	3314.9	3646	3462.5	3465.7
1645	3325.8	3650.1	3470.4	3473.2
1646	3335	3655.1	3477.6	3480.7
1647	3341.6	3662.6	3485.5	3488.2
1648	3347.4	3669.6	3492.9	3495.7
1649	3371.7	3673.4	3500.1	3505
1650	3395.1	3676.3	3507.1	3514.4
1651	3418.2	3683	3514.5	3523.7
1652	3438.1	3687.8	3522.1	3533.1
1653	3454.2	3691.9	3530.1	3542.4
1654	3467.1	3699.3	3538.5	3551.8
1655	3477.1	3712.3	3548.4	3561.1
1655.00001	3477.1	3712.3	3548.4	3561.1
1656	3477.1	3712.3	3548.4	3561.1
1657	3477.1	3712.3	3548.4	3561.1
1658	3477.1	3712.3	3548.4	3561.1
1659	3477.1	3712.3	3548.4	3561.1
1660	3477.1	3712.3	3548.4	3561.1
1661	3477.1	3712.3	3548.4	3561.1
1662	3477.1	3712.3	3548.4	3561.1
1663	3477.1	3712.3	3548.4	3561.1
1664	3477.1	3712.3	3548.4	3561.1
1665	3477.1	3712.3	3548.4	3561.1
1666	3477.1	3712.3	3548.4	3561.1
1667	3477.1	3712.3	3548.4	3561.1
1668	3477.1	3712.3	3548.4	3561.1
1669	3477.1	3712.3	3548.4	3561.1
1669.00001	3477.1	3712.3	3548.4	3561.1
1670	3484.5	3721.4	3557.3	3570.4
1671	3489.3	3745.3	3565.4	3579.8
1672	3493.7	3770	3574.1	3589.1
1673	3516.7	3788.3	3600.8	3614
1674	3532.1	3813.1	3628.4	3638.8
1675	3542.6	3838.2	3655.9	3663.7
1676	3550.7	3864.2	3682.2	3688.5
1677	3558.4	3900.8	3706.7	3713.4
1678	3563	3941.7	3729.6	3738.2
1679	3569.7	3990.4	3753.4	3763.1
1680	3575.1	4037.8	3777.9	3787.9
1681	3579.9	4089.8	3801.7	3812.8
1682	3584.3	4142.7	3824.4	3837.6
1683	3617	4150.3	3846.2	3858.9
1684	3641.4	4158.7	3867.6	3880.3
1685	3663.5	4170.8	3890.5	3901.6
1686	3679.4	4180.1	3915.2	3922.9
1687	3694.3	4193.9	3941.5	3944.2
1688	3708.4	4212.9	3967.5	3965.6
1689	3721.6	4229.8	3994.4	3986.9
1690	3732.4	4251.8	4019.7	4008.2
1691	3743.1	4279.7	4044.5	4029.6
1692	3749.6	4308.8	4068.9	4050.9
1693	3795.4	4315.4	4083.5	4068.6
1694	3835.2	4322.7	4098.4	4086.3
1695	3867.1	4329.6	4114.4	4104
1696	3892.6	4337.4	4131.1	4121.7
1697	3913.2	4344.5	4149.3	4139.4
1698	3929.6	4352.3	4166.6	4157.1
1699	3947	4362.5	4183.8	4174.8
1700	3960.7	4376.4	4203.1	4192.5
1701	3972	4395.7	4221.6	4210.2
1701.00001	3972	4395.7	4221.6	4210.2
1702	3972	4395.7	4221.6	4210.2
1703	3972	4395.7	4221.6	4210.2
1703.00001	3972	4395.7	4221.6	4210.2
1704	3982.2	4412.9	4241.5	4227.9
1705	4032.9	4422.2	4256.8	4247.4
1706	4082.3	4431.8	4273	4266.9
1707	4123.3	4445.2	4288.5	4286.3
1708	4147.9	4460.9	4304.6	4305.8
1709	4164.1	4478.2	4321.8	4325.3
1710	4182	4497.7	4343.1	4344.8
1711	4195.9	4517.3	4365.5	4364.3
1712	4207.8	4546.1	4384.5	4383.8
1713	4221.4	4586.9	4401.5	4403.2
1714	4233.2	4635.5	4418.1	4422.7
1715	4250.1	4648.7	4433.1	4437.4
1716	4264.9	4666.2	4446.6	4452.1
1717	4280.3	4684.5	4461	4466.8
1718	4291.9	4704.8	4475.6	4481.5
1719	4300.8	4723.9	4489.1	4496.2
1720	4308.9	4748.1	4502.8	4510.8
1721	4316.4	4772.6	4515.9	4525.5
1722	4324.1	4798.7	4529.8	4540.2
1723	4329.3	4827.9	4542.5	4554.9
1724	4336.6	4856	4555.9	4569.6
1725	4353	4867.8	4570.3	4584.4
1726	4370.9	4880.7	4586.2	4599.3
1727	4384.4	4891.1	4602.1	4614.2
1728	4398.1	4903.2	4619.3	4629
1729	4410.1	4913.1	4635.7	4643.9
1730	4421.5	4928	4651.7	4658.7
1731	4429.2	4943.1	4666.8	4673.6
1732	4439.3	4953.9	4682.6	4688.5
1733	4447	4972.8	4696.5	4703.3
1734	4453	4996	4710.2	4718.2
1735	4473.8	5002.2	4726.6	4732.8
1736	4492.5	5011.3	4742.4	4747.5
1737	4506.6	5023	4758.7	4762.2
1738	4521.2	5035.2	4775.2	4776.8
1739	4536	5047.1	4790.6	4791.5
1740	4548.3	5061.2	4805.6	4806.1
1741	4560.3	5075.8	4822.5	4820.8
1742	4572	5092.9	4838.4	4835.5
1743	4578.7	5111.5	4853.7	4850.1
1744	4586.5	5129.7	4868.6	4864.8
1745	4612.8	5136.1	4883.3	4879.9
1746	4633.5	5142.4	4897.5	4895
1747	4656.8	5149.6	4912.8	4910.2
1748	4675.6	5157.6	4928.1	4925.3
1749	4692.8	5170.2	4942	4940.4
1750	4710	5179.9	4958.1	4955.5
1751	4725.1	5190.7	4972.8	4970.7
1752	4736.1	5206.9	4989.4	4985.8
1753	4746	5225.2	5005.4	5000.9
1754	4754.4	5242.3	5021.8	5016
1755	4783.4	5246.8	5034.8	5029.9
1756	4805.2	5251.7	5048.7	5043.7
1757	4828.8	5256.3	5062.4	5057.5
1758	4852.1	5261.2	5075.5	5071.3
1759	4871.3	5266.3	5089.8	5085.1
1760	4891.8	5272.3	5104	5099
1761	4905.1	5278.1	5118.2	5112.8
1762	4917.1	5284.6	5132.4	5126.6
1763	4928.8	5292.3	5145	5140.4
1764	4939.5	5305.2	5159.3	5154.3
1765	4969.8	5310.2	5181.4	5169.6
1766	5000.5	5314.2	5205.3	5185
1767	5028.3	5325.1	5229.3	5200.3
1768	5051.9	5340.7	5255.4	5215.7
1769	5067.8	5358.6	5276.9	5231
1770	5083.8	5378	5289.1	5246.4
1771	5094.1	5402.4	5298.2	5261.7
1772	5102.1	5437.8	5306.3	5277.1
1773	5109.2	5466	5313.8	5292.5
1774	5114.9	5496.4	5322	5307.8
1775	5136.2	5503.6	5336.8	5323.2
1776	5152.9	5511.4	5351.2	5338.6
1777	5168.2	5520.3	5364.6	5353.9
1778	5179.7	5532.5	5377.6	5369.3
1779	5192.5	5546.2	5393.1	5384.7
1780	5201.5	5562.9	5407.9	5400.1
1781	5208.8	5581.1	5423.9	5415.5
1782	5216	5601.2	5439.1	5430.8
1783	5222.7	5624.4	5454	5446.2
1784	5229.1	5651.7	5468	5461.6
1785	5262.1	5660.6	5483.2	5477.3
1786	5295.8	5666.7	5498.3	5493
1787	5327.8	5671.7	5512.6	5508.8
1788	5359.3	5677.9	5527.9	5524.5
1789	5389.2	5686.2	5542.4	5540.2
1790	5412.2	5696.7	5557	5555.9
1791	5427.1	5708	5570.9	5571.7
1792	5439.1	5721.6	5585.8	5587.4
1793	5450.8	5739.9	5600.4	5603.1
1794	5460.1	5763.7	5616.3	5618.8
1795	5479	5773.1	5627.8	5632.2
1796	5495.1	5782.4	5640.4	5645.6
1796.00001	5495.1	5782.4	5640.4	5645.6
1797	5495.1	5782.4	5640.4	5645.6
1798	5495.1	5782.4	5640.4	5645.6
1799	5495.1	5782.4	5640.4	5645.6
1800	5495.1	5782.4	5640.4	5645.6
1801	5495.1	5782.4	5640.4	5645.6
1802	5495.1	5782.4	5640.4	5645.6
1802.00001	5495.1	5782.4	5640.4	5645.6
1803	5508.7	5795.5	5654.8	5659
1804	5519.3	5811.9	5670	5672.4
1805	5531.8	5826.5	5684.1	5685.8
1806	5541.8	5850.6	5696.5	5699.2
1807	5550	5872.9	5708.6	5712.6
1808	5560.7	5901	5721.2	5726
1809	5571.5	5931.8	5732.6	5739.4
1810	5581.5	5961.7	5743.7	5752.8
1811	5597	5972.6	5755.7	5764.8
1812	5609.4	5983.4	5768.2	5776.8
1813	5620.5	5993.8	5781.7	5788.9
1814	5629.4	6006	5794.7	5800.9
1815	5636.5	6018.1	5807.7	5812.9
1816	5643.6	6028.9	5820.4	5824.9
1817	5650.4	6046.8	5832.9	5837
1818	5654.2	6064.8	5844.5	5849
1819	5661	6082.6	5856.2	5861
1820	5666.4	6102.9	5867.7	5873
1821	5681.5	6109.5	5878.6	5884.7
1822	5694.2	6119.8	5890	5896.4
1823	5707	6128.8	5902.5	5908
1824	5716.3	6139.4	5915.5	5919.7
1825	5728.2	6150.3	5929	5931.3
1826	5737.4	6161.2	5941.4	5943
1827	5743.8	6176.3	5954.7	5954.7
1828	5750.9	6191.8	5966.3	5966.3
1829	5757	6205.3	5977.7	5978
1830	5760.8	6222.3	5988.9	5989.7
1831	5777.5	6225.4	6001.1	6001.1
1832	5790.9	6229.7	6014	6012.6
1833	5804.8	6236.8	6025.6	6024.1
1834	5814.3	6244.2	6038.1	6035.6
1835	5820.2	6253.9	6050.9	6047.1
1836	5827.6	6262.5	6063.4	6058.6
1837	5836	6272.7	6075.9	6070.1
1838	5845	6284.8	6087.8	6081.6
1839	5850	6300.3	6100.5	6093.1
1840	5857.3	6315.3	6111.8	6104.6
1841	5878.7	6322.2	6123.6	6116.3
1842	5895.7	6328	6135.4	6128
1843	5907.3	6333.8	6147.3	6139.6
1844	5921.5	6338.6	6159.2	6151.3
1845	5932.8	6345.8	6171.6	6163
1846	5942	6353.2	6184.7	6174.7
1847	5946.6	6360.7	6197.5	6186.3
1848	5957.5	6370	6209.9	6198
1849	5965.9	6382.5	6223.1	6209.7
1850	5974.3	6397.4	6234	6221.4
1851	5989.3	6404.2	6245.5	6232.5
1852	6000.7	6410.7	6257	6243.6
1853	6013.7	6417.4	6267.9	6254.7
1854	6021.8	6425.5	6278.4	6265.8
1855	6028	6435.9	6288.1	6276.9
1856	6037.3	6449	6298.7	6288
1857	6048	6463.8	6309.7	6299.1
1858	6059.9	6476.2	6320.8	6310.3
1859	6067	6491.6	6331.5	6321.4
1860	6076	6511.9	6341.7	6332.5
1861	6088.4	6520.4	6351.5	6342.2
1862	6098.6	6528.9	6360.6	6352
1863	6111.3	6542.6	6370	6361.7
1864	6121.8	6556.7	6379	6371.5
1865	6131.2	6573.4	6388.1	6381.2
1866	6139.5	6591	6396.5	6390.9
1867	6147.6	6605.9	6405	6400.7
1868	6157.2	6624.4	6412.8	6410.4
1869	6166.2	6647	6420.6	6420.2
1870	6175.4	6668.8	6428.3	6429.9
1871	6186.5	6678.8	6438.4	6439.9
1872	6199.2	6689.8	6449	6449.8
1873	6207.3	6700.3	6458.2	6459.7
1874	6218.8	6710.1	6468	6469.7
1875	6226.9	6722.1	6477.8	6479.6
1876	6232.9	6740.9	6487	6489.6
1877	6240.2	6757.9	6496	6499.5
1878	6247.7	6777.6	6505.9	6509.5
1879	6255.6	6794.6	6515	6519.4
1880	6263.4	6815.7	6523.6	6529.3
1881	6276	6822	6532.7	6539
1882	6285.1	6831.4	6543	6548.6
1883	6295.8	6840.8	6552.9	6558.2
1884	6302.3	6849.3	6562	6567.8
1885	6308.1	6862.8	6572.1	6577.4
1886	6315.4	6873.4	6581.5	6587.1
1887	6321.5	6885.1	6592.5	6596.7
1888	6327.9	6898.7	6601.9	6606.3
1889	6333	6913.9	6610.8	6615.9
1890	6338.5	6932.9	6620	6625.5
1891	6350.7	6939.9	6629.2	6635.2
1892	6361	6948.1	6639.4	6644.8
1893	6370.2	6957.2	6648.9	6654.4
1894	6382.5	6968.8	6659.4	6664.1
1895	6389.1	6977.3	6669.5	6673.7
1896	6396.1	6991.5	6679.8	6683.3
1897	6402.9	7000.3	6690.5	6693
1898	6410.3	7011.2	6700.6	6702.6
1899	6419.2	7025.5	6709.7	6712.2
1900	6425.7	7044.6	6718.7	6721.9
1901	6434	7049.1	6727.9	6731.4
1902	6445.1	7057	6738.5	6741
1903	6457.2	7065	6748.5	6750.5
1904	6465.1	7075.6	6757.8	6760
1905	6473.1	7088.3	6767.4	6769.6
1906	6479.4	7100.8	6776.8	6779.1
1907	6488.4	7117.6	6785.5	6788.7
1908	6497.3	7130	6794.3	6798.2
1909	6504.2	7142.6	6803	6807.8
1910	6510.2	7155.9	6811.5	6817.3
1911	6522.4	7162.2	6821.9	6827.2
1912	6533	7168.9	6832.3	6837.2
1913	6546.1	7176.4	6842.6	6847.1
1914	6556.1	7182.8	6852.5	6857
1915	6561.9	7190.7	6862.8	6866.9
1916	6567.8	7200.7	6872.1	6876.9
1917	6574.9	7207.6	6883	6886.8
1918	6578.6	7217	6893	6896.7
1919	6585.7	7224.3	6903.2	6906.6
1920	6594.2	7237.8	6913.2	6916.5
1921	6606.9	7247.4	6923.3	6926.7
1922	6618.6	7257.6	6933.6	6936.8
1923	6628.6	7266.5	6944.8	6947
1924	6641.1	7276	6954.4	6957.2
1925	6650.8	7284.8	6964.9	6967.3
1926	6661.6	7298.1	6975.4	6977.5
1927	6669.9	7311.7	6985.7	6987.6
1928	6676.9	7325	6995.5	6997.8
1929	6682.4	7340.8	7006.3	7007.9
1930	6689.2	7359.9	7016.6	7018.1
1931	6700.7	7367.1	7025.8	7028.3
1932	6714.2	7373.8	7036.7	7038.6
1933	6723.2	7380.9	7046.5	7048.9
1934	6732.4	7389.9	7056.4	7059.2
1935	6740.4	7395.8	7067.4	7069.4
1936	6748.7	7403.1	7078.2	7079.7
1937	6756.9	7412	7089	7090
1938	6766.6	7421.8	7099.3	7100.2
1939	6772.5	7435.9	7110.1	7110.5
1940	6780.8	7449.5	7120.8	7120.8
1941	6794.4	7454.5	7130.8	7131.1
1942	6810.6	7459.5	7141.1	7141.3
1943	6824.4	7465.8	7150.7	7151.6
1944	6835.6	7475.5	7161.2	7161.9
1945	6845.2	7486.1	7171.5	7172.2
1946	6855.5	7496.8	7182.6	7182.4
1947	6864.3	7506.2	7192.7	7192.7
1948	6872.6	7518.6	7203.4	7203
1949	6882.6	7531.5	7215.7	7213.3
1950	6888.8	7541	7225.3	7223.5
1951	6904.5	7548.3	7233.7	7233.4
1952	6914.5	7554	7243.5	7243.2
1953	6926	7559.4	7254.1	7253
1954	6940.6	7564.8	7262.9	7262.9
1955	6951.3	7573.9	7272.2	7272.7
1956	6959.9	7581.8	7281.7	7282.5
1957	6968.3	7591.5	7291.7	7292.4
1958	6977.4	7602.3	7303.1	7302.2
1959	6984.2	7613	7313	7312
1960	6991.6	7625.8	7322.6	7321.9
1961	7011.7	7632.6	7332.9	7332
1961.00001	7011.7	7632.6	7332.9	7332
1962	7011.7	7632.6	7332.9	7332
1963	7011.7	7632.6	7332.9	7332
1964	7011.7	7632.6	7332.9	7332
1965	7011.7	7632.6	7332.9	7332
1966	7011.7	7632.6	7332.9	7332
1967	7011.7	7632.6	7332.9	7332
1968	7011.7	7632.6	7332.9	7332
1969	7011.7	7632.6	7332.9	7332
1970	7011.7	7632.6	7332.9	7332
1971	7011.7	7632.6	7332.9	7332
1972	7011.7	7632.6	7332.9	7332
1973	7011.7	7632.6	7332.9	7332
1974	7011.7	7632.6	7332.9	7332
1975	7011.7	7632.6	7332.9	7332
1976	7011.7	7632.6	7332.9	7332
1976.00001	7011.7	7632.6	7332.9	7332
1977	7031.1	7637.8	7344.4	7342.2
1978	7043.7	7642.9	7355.7	7352.4
1979	7058.7	7650.3	7365.7	7362.6
1980	7070.7	7658.3	7376.5	7372.8
1981	7078	7666.6	7386.3	7383
1982	7087.9	7674.4	7397	7393.1
1983	7097.2	7681.6	7407.5	7403.3
1984	7105.9	7691.4	7418.7	7413.5
1985	7115.9	7705.5	7428.6	7423.7
1986	7129.3	7711.8	7439	7433.4
1987	7144.2	7718.1	7448.2	7443.2
1988	7156	7723.8	7457.3	7452.9
1989	7168.5	7730.8	7467.1	7462.7
1990	7179.6	7737.5	7477.1	7472.4
1991	7190.5	7745.8	7486.6	7482.1
1992	7199.6	7753.3	7496.3	7491.9
1993	7209.3	7760.1	7507.1	7501.6
1994	7216.5	7769.6	7516.3	7511.4
1995	7224.4	7782.2	7526.4	7521.1
1996	7240.3	7786.3	7535.2	7530.5
1997	7252.4	7790	7545.1	7539.9
1998	7262.9	7794.9	7554.2	7549.2
1999	7277.3	7801.2	7563.6	7558.6
2000	7288.5	7807.3	7572.9	7568
2001	7297.3	7811.5	7583.9	7577.3
2002	7308.4	7819.4	7593.8	7586.7
2003	7316.3	7828.8	7603.7	7596.1
2004	7324.7	7836.6	7613.8	7605.5
2005	7333	7849.4	7623.7	7614.8
2006	7350.1	7851.5	7633.2	7624.2
2007	7368.5	7854.9	7643.1	7633.6
2008	7383.9	7860	7650.9	7643
2009	7393.2	7866.2	7660.1	7652.4
2010	7402.2	7871.4	7670.1	7661.7
2011	7413.7	7877.9	7679.4	7671.1
2012	7422.3	7884.2	7689.8	7680.5
2013	7432.1	7892.3	7699.9	7689.9
2014	7443.9	7899.4	7710	7699.3
2015	7449.7	7909.4	7719.3	7708.6
2016	7470.8	7913	7729	7718.5
2017	7483.7	7917.5	7738.4	7728.4
2018	7496.2	7922.4	7747.6	7738.3
2019	7514.9	7926.3	7758	7748.2
2020	7528.9	7931	7767.9	7758.1
2021	7545	7935.7	7777.2	7768
2022	7554.4	7942.3	7788.3	7777.9
2023	7562.8	7948.9	7798.2	7787.8
2024	7572.6	7956.2	7808.8	7797.7
2025	7581.6	7964.9	7818.7	7807.6
2026	7603.5	7967.6	7827.4	7817.2
2027	7630.9	7971.5	7835.3	7826.9
2028	7652.8	7975.4	7843.4	7836.5
2029	7674.1	7978.1	7851.5	7846.1
2030	7693.9	7982.3	7859.8	7855.7
2030.00001	7693.9	7982.3	7859.8	7855.7
2031	7693.9	7982.3	7859.8	7855.7
2031.00001	7693.9	7982.3	7859.8	7855.7
2032	7715.1	7985.8	7868.8	7865.4
2033	7731.6	7990.3	7878.7	7875
2034	7748	7993.7	7889.7	7884.6
2035	7761.4	8002.1	7900.5	7894.2
2036	7770.9	8007.9	7911.1	7903.9
2037	7788.3	8013.3	7921.4	7913.9
2038	7805.2	8019.7	7931.9	7923.9
2039	7820.2	8026.5	7941.6	7933.9
2040	7829.3	8036.6	7951.4	7943.9
2041	7837.8	8055.8	7960	7953.9
2042	7845.8	8079.8	7967.9	7963.9
2043	7852.3	8101	7975.8	7974
2044	7859.2	8126.6	7983.5	7984
2045	7864	8148.5	7991.1	7994
2046	7869.6	8176.1	7999	8004
2047	7877.2	8187.9	8009.3	8013.9
2048	7883.8	8201.1	8019	8023.8
2049	7890.1	8213.7	8028.4	8033.8
2050	7894.1	8229.7	8037.7	8043.7
2051	7898.8	8247.2	8046.6	8053.6
2052	7902.1	8266.6	8054.8	8063.5
2053	7906.4	8287.2	8063.3	8073.5
2054	7910.8	8312.3	8072.1	8083.4
2055	7914.9	8332.8	8079.6	8093.3
